10234
10235
10236
10237
10238
10239
10243
10245
10246
10247
10248
10249
10253
10254
10256
10257
10258
10259
10263
10264
10265
10267
10268
10269
10273
10274
10275
10276
10278
10279
10283
10284
10285
10286
10287
10289
10293
10294
10295
10296
10297
10298
10324
10325
10326
10327
10328
10329
10342
10345
10346
10347
10348
10349
10352
10354
10356
10357
10358
10359
10362
10364
10365
10367
10368
10369
10372
10374
10375
10376
10378
10379
10382
10384
10385
10386
10387
10389
10392
10394
10395
10396
10397
10398
10423
10425
10426
10427
10428
10429
10432
10435
10436
10437
10438
10439
10452
10453
10456
10457
10458
10459
10462
10463
10465
10467
10468
10469
10472
10473
10475
10476
10478
10479
10482
10483
10485
10486
10487
10489
10492
10493
10495
10496
10497
10498
10523
10524
10526
10527
10528
10529
10532
10534
10536
10537
10538
10539
10542
10543
10546
10547
10548
10549
10562
10563
10564
10567
10568
10569
10572
10573
10574
10576
10578
10579
10582
10583
10584
10586
10587
10589
10592
10593
10594
10596
10597
10598
10623
10624
10625
10627
10628
10629
10632
10634
10635
10637
10638
10639
10642
10643
10645
10647
10648
10649
10652
10653
10654
10657
10658
10659
10672
10673
10674
10675
10678
10679
10682
10683
10684
10685
10687
10689
10692
10693
10694
10695
10697
10698
10723
10724
10725
10726
10728
10729
10732
10734
10735
10736
10738
10739
10742
10743
10745
10746
10748
10749
10752
10753
10754
10756
10758
10759
10762
10763
10764
10765
10768
10769
10782
10783
10784
10785
10786
10789
10792
10793
10794
10795
10796
10798
10823
10824
10825
10826
10827
10829
10832
10834
10835
10836
10837
10839
10842
10843
10845
10846
10847
10849
10852
10853
10854
10856
10857
10859
10862
10863
10864
10865
10867
10869
10872
10873
10874
10875
10876
10879
10892
10893
10894
10895
10896
10897
10923
10924
10925
10926
10927
10928
10932
10934
10935
10936
10937
10938
10942
10943
10945
10946
10947
10948
10952
10953
10954
10956
10957
10958
10962
10963
10964
10965
10967
10968
10972
10973
10974
10975
10976
10978
10982
10983
10984
10985
10986
10987
12034
12035
12036
12037
12038
12039
12043
12045
12046
12047
12048
12049
12053
12054
12056
12057
12058
12059
12063
12064
12065
12067
12068
12069
12073
12074
12075
12076
12078
12079
12083
12084
12085
12086
12087
12089
12093
12094
12095
12096
12097
12098
12304
12305
12306
12307
12308
12309
12340
12345
12346
12347
12348
12349
12350
12354
12356
12357
12358
12359
12360
12364
12365
12367
12368
12369
12370
12374
12375
12376
12378
12379
12380
12384
12385
12386
12387
12389
12390
12394
12395
12396
12397
12398
12403
12405
12406
12407
12408
12409
12430
12435
12436
12437
12438
12439
12450
12453
12456
12457
12458
12459
12460
12463
12465
12467
12468
12469
12470
12473
12475
12476
12478
12479
12480
12483
12485
12486
12487
12489
12490
12493
12495
12496
12497
12498
12503
12504
12506
12507
12508
12509
12530
12534
12536
12537
12538
12539
12540
12543
12546
12547
12548
12549
12560
12563
12564
12567
12568
12569
12570
12573
12574
12576
12578
12579
12580
12583
12584
12586
12587
12589
12590
12593
12594
12596
12597
12598
12603
12604
12605
12607
12608
12609
12630
12634
12635
12637
12638
12639
12640
12643
12645
12647
12648
12649
12650
12653
12654
12657
12658
12659
12670
12673
12674
12675
12678
12679
12680
12683
12684
12685
12687
12689
12690
12693
12694
12695
12697
12698
12703
12704
12705
12706
12708
12709
12730
12734
12735
12736
12738
12739
12740
12743
12745
12746
12748
12749
12750
12753
12754
12756
12758
12759
12760
12763
12764
12765
12768
12769
12780
12783
12784
12785
12786
12789
12790
12793
12794
12795
12796
12798
12803
12804
12805
12806
12807
12809
12830
12834
12835
12836
12837
12839
12840
12843
12845
12846
12847
12849
12850
12853
12854
12856
12857
12859
12860
12863
12864
12865
12867
12869
12870
12873
12874
12875
12876
12879
12890
12893
12894
12895
12896
12897
12903
12904
12905
12906
12907
12908
12930
12934
12935
12936
12937
12938
12940
12943
12945
12946
12947
12948
12950
12953
12954
12956
12957
12958
12960
12963
12964
12965
12967
12968
12970
12973
12974
12975
12976
12978
12980
12983
12984
12985
12986
12987
13024
13025
13026
13027
13028
13029
13042
13045
13046
13047
13048
13049
13052
13054
13056
13057
13058
13059
13062
13064
13065
13067
13068
13069
13072
13074
13075
13076
13078
13079
13082
13084
13085
13086
13087
13089
13092
13094
13095
13096
13097
13098
13204
13205
13206
13207
13208
13209
13240
13245
13246
13247
13248
13249
13250
13254
13256
13257
13258
13259
13260
13264
13265
13267
13268
13269
13270
13274
13275
13276
13278
13279
13280
13284
13285
13286
13287
13289
13290
13294
13295
13296
13297
13298
13402
13405
13406
13407
13408
13409
13420
13425
13426
13427
13428
13429
13450
13452
13456
13457
13458
13459
13460
13462
13465
13467
13468
13469
13470
13472
13475
13476
13478
13479
13480
13482
13485
13486
13487
13489
13490
13492
13495
13496
13497
13498
13502
13504
13506
13507
13508
13509
13520
13524
13526
13527
13528
13529
13540
13542
13546
13547
13548
13549
13560
13562
13564
13567
13568
13569
13570
13572
13574
13576
13578
13579
13580
13582
13584
13586
13587
13589
13590
13592
13594
13596
13597
13598
13602
13604
13605
13607
13608
13609
13620
13624
13625
13627
13628
13629
13640
13642
13645
13647
13648
13649
13650
13652
13654
13657
13658
13659
13670
13672
13674
13675
13678
13679
13680
13682
13684
13685
13687
13689
13690
13692
13694
13695
13697
13698
13702
13704
13705
13706
13708
13709
13720
13724
13725
13726
13728
13729
13740
13742
13745
13746
13748
13749
13750
13752
13754
13756
13758
13759
13760
13762
13764
13765
13768
13769
13780
13782
13784
13785
13786
13789
13790
13792
13794
13795
13796
13798
13802
13804
13805
13806
13807
13809
13820
13824
13825
13826
13827
13829
13840
13842
13845
13846
13847
13849
13850
13852
13854
13856
13857
13859
13860
13862
13864
13865
13867
13869
13870
13872
13874
13875
13876
13879
13890
13892
13894
13895
13896
13897
13902
13904
13905
13906
13907
13908
13920
13924
13925
13926
13927
13928
13940
13942
13945
13946
13947
13948
13950
13952
13954
13956
13957
13958
13960
13962
13964
13965
13967
13968
13970
13972
13974
13975
13976
13978
13980
13982
13984
13985
13986
13987
14023
14025
14026
14027
14028
14029
14032
14035
14036
14037
14038
14039
14052
14053
14056
14057
14058
14059
14062
14063
14065
14067
14068
14069
14072
14073
14075
14076
14078
14079
14082
14083
14085
14086
14087
14089
14092
14093
14095
14096
14097
14098
14203
14205
14206
14207
14208
14209
14230
14235
14236
14237
14238
14239
14250
14253
14256
14257
14258
14259
14260
14263
14265
14267
14268
14269
14270
14273
14275
14276
14278
14279
14280
14283
14285
14286
14287
14289
14290
14293
14295
14296
14297
14298
14302
14305
14306
14307
14308
14309
14320
14325
14326
14327
14328
14329
14350
14352
14356
14357
14358
14359
14360
14362
14365
14367
14368
14369
14370
14372
14375
14376
14378
14379
14380
14382
14385
14386
14387
14389
14390
14392
14395
14396
14397
14398
14502
14503
14506
14507
14508
14509
14520
14523
14526
14527
14528
14529
14530
14532
14536
14537
14538
14539
14560
14562
14563
14567
14568
14569
14570
14572
14573
14576
14578
14579
14580
14582
14583
14586
14587
14589
14590
14592
14593
14596
14597
14598
14602
14603
14605
14607
14608
14609
14620
14623
14625
14627
14628
14629
14630
14632
14635
14637
14638
14639
14650
14652
14653
14657
14658
14659
14670
14672
14673
14675
14678
14679
14680
14682
14683
14685
14687
14689
14690
14692
14693
14695
14697
14698
14702
14703
14705
14706
14708
14709
14720
14723
14725
14726
14728
14729
14730
14732
14735
14736
14738
14739
14750
14752
14753
14756
14758
14759
14760
14762
14763
14765
14768
14769
14780
14782
14783
14785
14786
14789
14790
14792
14793
14795
14796
14798
14802
14803
14805
14806
14807
14809
14820
14823
14825
14826
14827
14829
14830
14832
14835
14836
14837
14839
14850
14852
14853
14856
14857
14859
14860
14862
14863
14865
14867
14869
14870
14872
14873
14875
14876
14879
14890
14892
14893
14895
14896
14897
14902
14903
14905
14906
14907
14908
14920
14923
14925
14926
14927
14928
14930
14932
14935
14936
14937
14938
14950
14952
14953
14956
14957
14958
14960
14962
14963
14965
14967
14968
14970
14972
14973
14975
14976
14978
14980
14982
14983
14985
14986
14987
15023
15024
15026
15027
15028
15029
15032
15034
15036
15037
15038
15039
15042
15043
15046
15047
15048
15049
15062
15063
15064
15067
15068
15069
15072
15073
15074
15076
15078
15079
15082
15083
15084
15086
15087
15089
15092
15093
15094
15096
15097
15098
15203
15204
15206
15207
15208
15209
15230
15234
15236
15237
15238
15239
15240
15243
15246
15247
15248
15249
15260
15263
15264
15267
15268
15269
15270
15273
15274
15276
15278
15279
15280
15283
15284
15286
15287
15289
15290
15293
15294
15296
15297
15298
15302
15304
15306
15307
15308
15309
15320
15324
15326
15327
15328
15329
15340
15342
15346
15347
15348
15349
15360
15362
15364
15367
15368
15369
15370
15372
15374
15376
15378
15379
15380
15382
15384
15386
15387
15389
15390
15392
15394
15396
15397
15398
15402
15403
15406
15407
15408
15409
15420
15423
15426
15427
15428
15429
15430
15432
15436
15437
15438
15439
15460
15462
15463
15467
15468
15469
15470
15472
15473
15476
15478
15479
15480
15482
15483
15486
15487
15489
15490
15492
15493
15496
15497
15498
15602
15603
15604
15607
15608
15609
15620
15623
15624
15627
15628
15629
15630
15632
15634
15637
15638
15639
15640
15642
15643
15647
15648
15649
15670
15672
15673
15674
15678
15679
15680
15682
15683
15684
15687
15689
15690
15692
15693
15694
15697
15698
15702
15703
15704
15706
15708
15709
15720
15723
15724
15726
15728
15729
15730
15732
15734
15736
15738
15739
15740
15742
15743
15746
15748
15749
15760
15762
15763
15764
15768
15769
15780
15782
15783
15784
15786
15789
15790
15792
15793
15794
15796
15798
15802
15803
15804
15806
15807
15809
15820
15823
15824
15826
15827
15829
15830
15832
15834
15836
15837
15839
15840
15842
15843
15846
15847
15849
15860
15862
15863
15864
15867
15869
15870
15872
15873
15874
15876
15879
15890
15892
15893
15894
15896
15897
15902
15903
15904
15906
15907
15908
15920
15923
15924
15926
15927
15928
15930
15932
15934
15936
15937
15938
15940
15942
15943
15946
15947
15948
15960
15962
15963
15964
15967
15968
15970
15972
15973
15974
15976
15978
15980
15982
15983
15984
15986
15987
16023
16024
16025
16027
16028
16029
16032
16034
16035
16037
16038
16039
16042
16043
16045
16047
16048
16049
16052
16053
16054
16057
16058
16059
16072
16073
16074
16075
16078
16079
16082
16083
16084
16085
16087
16089
16092
16093
16094
16095
16097
16098
16203
16204
16205
16207
16208
16209
16230
16234
16235
16237
16238
16239
16240
16243
16245
16247
16248
16249
16250
16253
16254
16257
16258
16259
16270
16273
16274
16275
16278
16279
16280
16283
16284
16285
16287
16289
16290
16293
16294
16295
16297
16298
16302
16304
16305
16307
16308
16309
16320
16324
16325
16327
16328
16329
16340
16342
16345
16347
16348
16349
16350
16352
16354
16357
16358
16359
16370
16372
16374
16375
16378
16379
16380
16382
16384
16385
16387
16389
16390
16392
16394
16395
16397
16398
16402
16403
16405
16407
16408
16409
16420
16423
16425
16427
16428
16429
16430
16432
16435
16437
16438
16439
16450
16452
16453
16457
16458
16459
16470
16472
16473
16475
16478
16479
16480
16482
16483
16485
16487
16489
16490
16492
16493
16495
16497
16498
16502
16503
16504
16507
16508
16509
16520
16523
16524
16527
16528
16529
16530
16532
16534
16537
16538
16539
16540
16542
16543
16547
16548
16549
16570
16572
16573
16574
16578
16579
16580
16582
16583
16584
16587
16589
16590
16592
16593
16594
16597
16598
16702
16703
16704
16705
16708
16709
16720
16723
16724
16725
16728
16729
16730
16732
16734
16735
16738
16739
16740
16742
16743
16745
16748
16749
16750
16752
16753
16754
16758
16759
16780
16782
16783
16784
16785
16789
16790
16792
16793
16794
16795
16798
16802
16803
16804
16805
16807
16809
16820
16823
16824
16825
16827
16829
16830
16832
16834
16835
16837
16839
16840
16842
16843
16845
16847
16849
16850
16852
16853
16854
16857
16859
16870
16872
16873
16874
16875
16879
16890
16892
16893
16894
16895
16897
16902
16903
16904
16905
16907
16908
16920
16923
16924
16925
16927
16928
16930
16932
16934
16935
16937
16938
16940
16942
16943
16945
16947
16948
16950
16952
16953
16954
16957
16958
16970
16972
16973
16974
16975
16978
16980
16982
16983
16984
16985
16987
17023
17024
17025
17026
17028
17029
17032
17034
17035
17036
17038
17039
17042
17043
17045
17046
17048
17049
17052
17053
17054
17056
17058
17059
17062
17063
17064
17065
17068
17069
17082
17083
17084
17085
17086
17089
17092
17093
17094
17095
17096
17098
17203
17204
17205
17206
17208
17209
17230
17234
17235
17236
17238
17239
17240
17243
17245
17246
17248
17249
17250
17253
17254
17256
17258
17259
17260
17263
17264
17265
17268
17269
17280
17283
17284
17285
17286
17289
17290
17293
17294
17295
17296
17298
17302
17304
17305
17306
17308
17309
17320
17324
17325
17326
17328
17329
17340
17342
17345
17346
17348
17349
17350
17352
17354
17356
17358
17359
17360
17362
17364
17365
17368
17369
17380
17382
17384
17385
17386
17389
17390
17392
17394
17395
17396
17398
17402
17403
17405
17406
17408
17409
17420
17423
17425
17426
17428
17429
17430
17432
17435
17436
17438
17439
17450
17452
17453
17456
17458
17459
17460
17462
17463
17465
17468
17469
17480
17482
17483
17485
17486
17489
17490
17492
17493
17495
17496
17498
17502
17503
17504
17506
17508
17509
17520
17523
17524
17526
17528
17529
17530
17532
17534
17536
17538
17539
17540
17542
17543
17546
17548
17549
17560
17562
17563
17564
17568
17569
17580
17582
17583
17584
17586
17589
17590
17592
17593
17594
17596
17598
17602
17603
17604
17605
17608
17609
17620
17623
17624
17625
17628
17629
17630
17632
17634
17635
17638
17639
17640
17642
17643
17645
17648
17649
17650
17652
17653
17654
17658
17659
17680
17682
17683
17684
17685
17689
17690
17692
17693
17694
17695
17698
17802
17803
17804
17805
17806
17809
17820
17823
17824
17825
17826
17829
17830
17832
17834
17835
17836
17839
17840
17842
17843
17845
17846
17849
17850
17852
17853
17854
17856
17859
17860
17862
17863
17864
17865
17869
17890
17892
17893
17894
17895
17896
17902
17903
17904
17905
17906
17908
17920
17923
17924
17925
17926
17928
17930
17932
17934
17935
17936
17938
17940
17942
17943
17945
17946
17948
17950
17952
17953
17954
17956
17958
17960
17962
17963
17964
17965
17968
17980
17982
17983
17984
17985
17986
18023
18024
18025
18026
18027
18029
18032
18034
18035
18036
18037
18039
18042
18043
18045
18046
18047
18049
18052
18053
18054
18056
18057
18059
18062
18063
18064
18065
18067
18069
18072
18073
18074
18075
18076
18079
18092
18093
18094
18095
18096
18097
18203
18204
18205
18206
18207
18209
18230
18234
18235
18236
18237
18239
18240
18243
18245
18246
18247
18249
18250
18253
18254
18256
18257
18259
18260
18263
18264
18265
18267
18269
18270
18273
18274
18275
18276
18279
18290
18293
18294
18295
18296
18297
18302
18304
18305
18306
18307
18309
18320
18324
18325
18326
18327
18329
18340
18342
18345
18346
18347
18349
18350
18352
18354
18356
18357
18359
18360
18362
18364
18365
18367
18369
18370
18372
18374
18375
18376
18379
18390
18392
18394
18395
18396
18397
18402
18403
18405
18406
18407
18409
18420
18423
18425
18426
18427
18429
18430
18432
18435
18436
18437
18439
18450
18452
18453
18456
18457
18459
18460
18462
18463
18465
18467
18469
18470
18472
18473
18475
18476
18479
18490
18492
18493
18495
18496
18497
18502
18503
18504
18506
18507
18509
18520
18523
18524
18526
18527
18529
18530
18532
18534
18536
18537
18539
18540
18542
18543
18546
18547
18549
18560
18562
18563
18564
18567
18569
18570
18572
18573
18574
18576
18579
18590
18592
18593
18594
18596
18597
18602
18603
18604
18605
18607
18609
18620
18623
18624
18625
18627
18629
18630
18632
18634
18635
18637
18639
18640
18642
18643
18645
18647
18649
18650
18652
18653
18654
18657
18659
18670
18672
18673
18674
18675
18679
18690
18692
18693
18694
18695
18697
18702
18703
18704
18705
18706
18709
18720
18723
18724
18725
18726
18729
18730
18732
18734
18735
18736
18739
18740
18742
18743
18745
18746
18749
18750
18752
18753
18754
18756
18759
18760
18762
18763
18764
18765
18769
18790
18792
18793
18794
18795
18796
18902
18903
18904
18905
18906
18907
18920
18923
18924
18925
18926
18927
18930
18932
18934
18935
18936
18937
18940
18942
18943
18945
18946
18947
18950
18952
18953
18954
18956
18957
18960
18962
18963
18964
18965
18967
18970
18972
18973
18974
18975
18976
19023
19024
19025
19026
19027
19028
19032
19034
19035
19036
19037
19038
19042
19043
19045
19046
19047
19048
19052
19053
19054
19056
19057
19058
19062
19063
19064
19065
19067
19068
19072
19073
19074
19075
19076
19078
19082
19083
19084
19085
19086
19087
19203
19204
19205
19206
19207
19208
19230
19234
19235
19236
19237
19238
19240
19243
19245
19246
19247
19248
19250
19253
19254
19256
19257
19258
19260
19263
19264
19265
19267
19268
19270
19273
19274
19275
19276
19278
19280
19283
19284
19285
19286
19287
19302
19304
19305
19306
19307
19308
19320
19324
19325
19326
19327
19328
19340
19342
19345
19346
19347
19348
19350
19352
19354
19356
19357
19358
19360
19362
19364
19365
19367
19368
19370
19372
19374
19375
19376
19378
19380
19382
19384
19385
19386
19387
19402
19403
19405
19406
19407
19408
19420
19423
19425
19426
19427
19428
19430
19432
19435
19436
19437
19438
19450
19452
19453
19456
19457
19458
19460
19462
19463
19465
19467
19468
19470
19472
19473
19475
19476
19478
19480
19482
19483
19485
19486
19487
19502
19503
19504
19506
19507
19508
19520
19523
19524
19526
19527
19528
19530
19532
19534
19536
19537
19538
19540
19542
19543
19546
19547
19548
19560
19562
19563
19564
19567
19568
19570
19572
19573
19574
19576
19578
19580
19582
19583
19584
19586
19587
19602
19603
19604
19605
19607
19608
19620
19623
19624
19625
19627
19628
19630
19632
19634
19635
19637
19638
19640
19642
19643
19645
19647
19648
19650
19652
19653
19654
19657
19658
19670
19672
19673
19674
19675
19678
19680
19682
19683
19684
19685
19687
19702
19703
19704
19705
19706
19708
19720
19723
19724
19725
19726
19728
19730
19732
19734
19735
19736
19738
19740
19742
19743
19745
19746
19748
19750
19752
19753
19754
19756
19758
19760
19762
19763
19764
19765
19768
19780
19782
19783
19784
19785
19786
19802
19803
19804
19805
19806
19807
19820
19823
19824
19825
19826
19827
19830
19832
19834
19835
19836
19837
19840
19842
19843
19845
19846
19847
19850
19852
19853
19854
19856
19857
19860
19862
19863
19864
19865
19867
19870
19872
19873
19874
19875
19876
20134
20135
20136
20137
20138
20139
20143
20145
20146
20147
20148
20149
20153
20154
20156
20157
20158
20159
20163
20164
20165
20167
20168
20169
20173
20174
20175
20176
20178
20179
20183
20184
20185
20186
20187
20189
20193
20194
20195
20196
20197
20198
20314
20315
20316
20317
20318
20319
20341
20345
20346
20347
20348
20349
20351
20354
20356
20357
20358
20359
20361
20364
20365
20367
20368
20369
20371
20374
20375
20376
20378
20379
20381
20384
20385
20386
20387
20389
20391
20394
20395
20396
20397
20398
20413
20415
20416
20417
20418
20419
20431
20435
20436
20437
20438
20439
20451
20453
20456
20457
20458
20459
20461
20463
20465
20467
20468
20469
20471
20473
20475
20476
20478
20479
20481
20483
20485
20486
20487
20489
20491
20493
20495
20496
20497
20498
20513
20514
20516
20517
20518
20519
20531
20534
20536
20537
20538
20539
20541
20543
20546
20547
20548
20549
20561
20563
20564
20567
20568
20569
20571
20573
20574
20576
20578
20579
20581
20583
20584
20586
20587
20589
20591
20593
20594
20596
20597
20598
20613
20614
20615
20617
20618
20619
20631
20634
20635
20637
20638
20639
20641
20643
20645
20647
20648
20649
20651
20653
20654
20657
20658
20659
20671
20673
20674
20675
20678
20679
20681
20683
20684
20685
20687
20689
20691
20693
20694
20695
20697
20698
20713
20714
20715
20716
20718
20719
20731
20734
20735
20736
20738
20739
20741
20743
20745
20746
20748
20749
20751
20753
20754
20756
20758
20759
20761
20763
20764
20765
20768
20769
20781
20783
20784
20785
20786
20789
20791
20793
20794
20795
20796
20798
20813
20814
20815
20816
20817
20819
20831
20834
20835
20836
20837
20839
20841
20843
20845
20846
20847
20849
20851
20853
20854
20856
20857
20859
20861
20863
20864
20865
20867
20869
20871
20873
20874
20875
20876
20879
20891
20893
20894
20895
20896
20897
20913
20914
20915
20916
20917
20918
20931
20934
20935
20936
20937
20938
20941
20943
20945
20946
20947
20948
20951
20953
20954
20956
20957
20958
20961
20963
20964
20965
20967
20968
20971
20973
20974
20975
20976
20978
20981
20983
20984
20985
20986
20987
21034
21035
21036
21037
21038
21039
21043
21045
21046
21047
21048
21049
21053
21054
21056
21057
21058
21059
21063
21064
21065
21067
21068
21069
21073
21074
21075
21076
21078
21079
21083
21084
21085
21086
21087
21089
21093
21094
21095
21096
21097
21098
21304
21305
21306
21307
21308
21309
21340
21345
21346
21347
21348
21349
21350
21354
21356
21357
21358
21359
21360
21364
21365
21367
21368
21369
21370
21374
21375
21376
21378
21379
21380
21384
21385
21386
21387
21389
21390
21394
21395
21396
21397
21398
21403
21405
21406
21407
21408
21409
21430
21435
21436
21437
21438
21439
21450
21453
21456
21457
21458
21459
21460
21463
21465
21467
21468
21469
21470
21473
21475
21476
21478
21479
21480
21483
21485
21486
21487
21489
21490
21493
21495
21496
21497
21498
21503
21504
21506
21507
21508
21509
21530
21534
21536
21537
21538
21539
21540
21543
21546
21547
21548
21549
21560
21563
21564
21567
21568
21569
21570
21573
21574
21576
21578
21579
21580
21583
21584
21586
21587
21589
21590
21593
21594
21596
21597
21598
21603
21604
21605
21607
21608
21609
21630
21634
21635
21637
21638
21639
21640
21643
21645
21647
21648
21649
21650
21653
21654
21657
21658
21659
21670
21673
21674
21675
21678
21679
21680
21683
21684
21685
21687
21689
21690
21693
21694
21695
21697
21698
21703
21704
21705
21706
21708
21709
21730
21734
21735
21736
21738
21739
21740
21743
21745
21746
21748
21749
21750
21753
21754
21756
21758
21759
21760
21763
21764
21765
21768
21769
21780
21783
21784
21785
21786
21789
21790
21793
21794
21795
21796
21798
21803
21804
21805
21806
21807
21809
21830
21834
21835
21836
21837
21839
21840
21843
21845
21846
21847
21849
21850
21853
21854
21856
21857
21859
21860
21863
21864
21865
21867
21869
21870
21873
21874
21875
21876
21879
21890
21893
21894
21895
21896
21897
21903
21904
21905
21906
21907
21908
21930
21934
21935
21936
21937
21938
21940
21943
21945
21946
21947
21948
21950
21953
21954
21956
21957
21958
21960
21963
21964
21965
21967
21968
21970
21973
21974
21975
21976
21978
21980
21983
21984
21985
21986
21987
23014
23015
23016
23017
23018
23019
23041
23045
23046
23047
23048
23049
23051
23054
23056
23057
23058
23059
23061
23064
23065
23067
23068
23069
23071
23074
23075
23076
23078
23079
23081
23084
23085
23086
23087
23089
23091
23094
23095
23096
23097
23098
23104
23105
23106
23107
23108
23109
23140
23145
23146
23147
23148
23149
23150
23154
23156
23157
23158
23159
23160
23164
23165
23167
23168
23169
23170
23174
23175
23176
23178
23179
23180
23184
23185
23186
23187
23189
23190
23194
23195
23196
23197
23198
23401
23405
23406
23407
23408
23409
23410
23415
23416
23417
23418
23419
23450
23451
23456
23457
23458
23459
23460
23461
23465
23467
23468
23469
23470
23471
23475
23476
23478
23479
23480
23481
23485
23486
23487
23489
23490
23491
23495
23496
23497
23498
23501
23504
23506
23507
23508
23509
23510
23514
23516
23517
23518
23519
23540
23541
23546
23547
23548
23549
23560
23561
23564
23567
23568
23569
23570
23571
23574
23576
23578
23579
23580
23581
23584
23586
23587
23589
23590
23591
23594
23596
23597
23598
23601
23604
23605
23607
23608
23609
23610
23614
23615
23617
23618
23619
23640
23641
23645
23647
23648
23649
23650
23651
23654
23657
23658
23659
23670
23671
23674
23675
23678
23679
23680
23681
23684
23685
23687
23689
23690
23691
23694
23695
23697
23698
23701
23704
23705
23706
23708
23709
23710
23714
23715
23716
23718
23719
23740
23741
23745
23746
23748
23749
23750
23751
23754
23756
23758
23759
23760
23761
23764
23765
23768
23769
23780
23781
23784
23785
23786
23789
23790
23791
23794
23795
23796
23798
23801
23804
23805
23806
23807
23809
23810
23814
23815
23816
23817
23819
23840
23841
23845
23846
23847
23849
23850
23851
23854
23856
23857
23859
23860
23861
23864
23865
23867
23869
23870
23871
23874
23875
23876
23879
23890
23891
23894
23895
23896
23897
23901
23904
23905
23906
23907
23908
23910
23914
23915
23916
23917
23918
23940
23941
23945
23946
23947
23948
23950
23951
23954
23956
23957
23958
23960
23961
23964
23965
23967
23968
23970
23971
23974
23975
23976
23978
23980
23981
23984
23985
23986
23987
24013
24015
24016
24017
24018
24019
24031
24035
24036
24037
24038
24039
24051
24053
24056
24057
24058
24059
24061
24063
24065
24067
24068
24069
24071
24073
24075
24076
24078
24079
24081
24083
24085
24086
24087
24089
24091
24093
24095
24096
24097
24098
24103
24105
24106
24107
24108
24109
24130
24135
24136
24137
24138
24139
24150
24153
24156
24157
24158
24159
24160
24163
24165
24167
24168
24169
24170
24173
24175
24176
24178
24179
24180
24183
24185
24186
24187
24189
24190
24193
24195
24196
24197
24198
24301
24305
24306
24307
24308
24309
24310
24315
24316
24317
24318
24319
24350
24351
24356
24357
24358
24359
24360
24361
24365
24367
24368
24369
24370
24371
24375
24376
24378
24379
24380
24381
24385
24386
24387
24389
24390
24391
24395
24396
24397
24398
24501
24503
24506
24507
24508
24509
24510
24513
24516
24517
24518
24519
24530
24531
24536
24537
24538
24539
24560
24561
24563
24567
24568
24569
24570
24571
24573
24576
24578
24579
24580
24581
24583
24586
24587
24589
24590
24591
24593
24596
24597
24598
24601
24603
24605
24607
24608
24609
24610
24613
24615
24617
24618
24619
24630
24631
24635
24637
24638
24639
24650
24651
24653
24657
24658
24659
24670
24671
24673
24675
24678
24679
24680
24681
24683
24685
24687
24689
24690
24691
24693
24695
24697
24698
24701
24703
24705
24706
24708
24709
24710
24713
24715
24716
24718
24719
24730
24731
24735
24736
24738
24739
24750
24751
24753
24756
24758
24759
24760
24761
24763
24765
24768
24769
24780
24781
24783
24785
24786
24789
24790
24791
24793
24795
24796
24798
24801
24803
24805
24806
24807
24809
24810
24813
24815
24816
24817
24819
24830
24831
24835
24836
24837
24839
24850
24851
24853
24856
24857
24859
24860
24861
24863
24865
24867
24869
24870
24871
24873
24875
24876
24879
24890
24891
24893
24895
24896
24897
24901
24903
24905
24906
24907
24908
24910
24913
24915
24916
24917
24918
24930
24931
24935
24936
24937
24938
24950
24951
24953
24956
24957
24958
24960
24961
24963
24965
24967
24968
24970
24971
24973
24975
24976
24978
24980
24981
24983
24985
24986
24987
25013
25014
25016
25017
25018
25019
25031
25034
25036
25037
25038
25039
25041
25043
25046
25047
25048
25049
25061
25063
25064
25067
25068
25069
25071
25073
25074
25076
25078
25079
25081
25083
25084
25086
25087
25089
25091
25093
25094
25096
25097
25098
25103
25104
25106
25107
25108
25109
25130
25134
25136
25137
25138
25139
25140
25143
25146
25147
25148
25149
25160
25163
25164
25167
25168
25169
25170
25173
25174
25176
25178
25179
25180
25183
25184
25186
25187
25189
25190
25193
25194
25196
25197
25198
25301
25304
25306
25307
25308
25309
25310
25314
25316
25317
25318
25319
25340
25341
25346
25347
25348
25349
25360
25361
25364
25367
25368
25369
25370
25371
25374
25376
25378
25379
25380
25381
25384
25386
25387
25389
25390
25391
25394
25396
25397
25398
25401
25403
25406
25407
25408
25409
25410
25413
25416
25417
25418
25419
25430
25431
25436
25437
25438
25439
25460
25461
25463
25467
25468
25469
25470
25471
25473
25476
25478
25479
25480
25481
25483
25486
25487
25489
25490
25491
25493
25496
25497
25498
25601
25603
25604
25607
25608
25609
25610
25613
25614
25617
25618
25619
25630
25631
25634
25637
25638
25639
25640
25641
25643
25647
25648
25649
25670
25671
25673
25674
25678
25679
25680
25681
25683
25684
25687
25689
25690
25691
25693
25694
25697
25698
25701
25703
25704
25706
25708
25709
25710
25713
25714
25716
25718
25719
25730
25731
25734
25736
25738
25739
25740
25741
25743
25746
25748
25749
25760
25761
25763
25764
25768
25769
25780
25781
25783
25784
25786
25789
25790
25791
25793
25794
25796
25798
25801
25803
25804
25806
25807
25809
25810
25813
25814
25816
25817
25819
25830
25831
25834
25836
25837
25839
25840
25841
25843
25846
25847
25849
25860
25861
25863
25864
25867
25869
25870
25871
25873
25874
25876
25879
25890
25891
25893
25894
25896
25897
25901
25903
25904
25906
25907
25908
25910
25913
25914
25916
25917
25918
25930
25931
25934
25936
25937
25938
25940
25941
25943
25946
25947
25948
25960
25961
25963
25964
25967
25968
25970
25971
25973
25974
25976
25978
25980
25981
25983
25984
25986
25987
26013
26014
26015
26017
26018
26019
26031
26034
26035
26037
26038
26039
26041
26043
26045
26047
26048
26049
26051
26053
26054
26057
