1
2
3
4
5
6
7
8
9
10
12
13
14
15
16
17
18
19
20
21
23
24
25
26
27
28
29
30
31
32
34
35
36
37
38
39
40
41
42
43
45
46
47
48
49
50
51
52
53
54
56
57
58
59
60
61
62
63
64
65
67
68
69
70
71
72
73
74
75
76
78
79
80
81
82
83
84
85
86
87
89
90
91
92
93
94
95
96
97
98
102
103
104
105
106
107
108
109
120
123
124
125
126
127
128
129
130
132
134
135
136
137
138
139
140
142
143
145
146
147
148
149
150
152
153
154
156
157
158
159
160
162
163
164
165
167
168
169
170
172
173
174
175
176
178
179
180
182
183
184
185
186
187
189
190
192
193
194
195
196
197
198
201
203
204
205
206
207
208
209
210
213
214
215
216
217
218
219
230
231
234
235
236
237
238
239
240
241
243
245
246
247
248
249
250
251
253
254
256
257
258
259
260
261
263
264
265
267
268
269
270
271
273
274
275
276
278
279
280
281
283
284
285
286
287
289
290
291
293
294
295
296
297
298
301
302
304
305
306
307
308
309
310
312
314
315
316
317
318
319
320
321
324
325
326
327
328
329
340
341
342
345
346
347
348
349
350
351
352
354
356
357
358
359
360
361
362
364
365
367
368
369
370
371
372
374
375
376
378
379
380
381
382
384
385
386
387
389
390
391
392
394
395
396
397
398
401
402
403
405
406
407
408
409
410
412
413
415
416
417
418
419
420
421
423
425
426
427
428
429
430
431
432
435
436
437
438
439
450
451
452
453
456
457
458
459
460
461
462
463
465
467
468
469
470
471
472
473
475
476
478
479
480
481
482
483
485
486
487
489
490
491
492
493
495
496
497
498
501
502
503
504
506
507
508
509
510
512
513
514
516
517
518
519
520
521
523
524
526
527
528
529
530
531
532
534
536
537
538
539
540
541
542
543
546
547
548
549
560
561
562
563
564
567
568
569
570
571
572
573
574
576
578
579
580
581
582
583
584
586
587
589
590
591
592
593
594
596
597
598
601
602
603
604
605
607
608
609
610
612
613
614
615
617
618
619
620
621
623
624
625
627
628
629
630
631
632
634
635
637
638
639
640
641
642
643
645
647
648
649
650
651
652
653
654
657
658
659
670
671
672
673
674
675
678
679
680
681
682
683
684
685
687
689
690
691
692
693
694
695
697
698
701
702
703
704
705
706
708
709
710
712
713
714
715
716
718
719
720
721
723
724
725
726
728
729
730
731
732
734
735
736
738
739
740
741
742
743
745
746
748
749
750
751
752
753
754
756
758
759
760
761
762
763
764
765
768
769
780
781
782
783
784
785
786
789
790
791
792
793
794
795
796
798
801
802
803
804
805
806
807
809
810
812
813
814
815
816
817
819
820
821
823
824
825
826
827
829
830
831
832
834
835
836
837
839
840
841
842
843
845
846
847
849
850
851
852
853
854
856
857
859
860
861
862
863
864
865
867
869
870
871
872
873
874
875
876
879
890
891
892
893
894
895
896
897
901
902
903
904
905
906
907
908
910
912
913
914
915
916
917
918
920
921
923
924
925
926
927
928
930
931
932
934
935
936
937
938
940
941
942
943
945
946
947
948
950
951
952
953
954
956
957
958
960
961
962
963
964
965
967
968
970
971
972
973
974
975
976
978
980
981
982
983
984
985
986
987
1023
1024
1025
1026
1027
1028
1029
1032
1034
1035
1036
1037
1038
1039
1042
1043
1045
1046
1047
1048
1049
1052
1053
1054
1056
1057
1058
1059
1062
1063
1064
1065
1067
1068
1069
1072
1073
1074
1075
1076
1078
1079
1082
1083
1084
1085
1086
1087
1089
1092
1093
1094
1095
1096
1097
1098
1203
1204
1205
1206
1207
1208
1209
1230
1234
1235
1236
1237
1238
1239
1240
1243
1245
1246
1247
1248
1249
1250
1253
1254
1256
1257
1258
1259
1260
1263
1264
1265
1267
1268
1269
1270
1273
1274
1275
1276
1278
1279
1280
1283
1284
1285
1286
1287
1289
1290
1293
1294
1295
1296
1297
1298
1302
1304
1305
1306
1307
1308
1309
1320
1324
1325
1326
1327
1328
1329
1340
1342
1345
1346
1347
1348
1349
1350
1352
1354
1356
1357
1358
1359
1360
1362
1364
1365
1367
1368
1369
1370
1372
1374
1375
1376
1378
1379
1380
1382
1384
1385
1386
1387
1389
1390
1392
1394
1395
1396
1397
1398
1402
1403
1405
1406
1407
1408
1409
1420
1423
1425
1426
1427
1428
1429
1430
1432
1435
1436
1437
1438
1439
1450
1452
1453
1456
1457
1458
1459
1460
1462
1463
1465
1467
1468
1469
1470
1472
1473
1475
1476
1478
1479
1480
1482
1483
1485
1486
1487
1489
1490
1492
1493
1495
1496
1497
1498
1502
1503
1504
1506
1507
1508
1509
1520
1523
1524
1526
1527
1528
1529
1530
1532
1534
1536
1537
1538
1539
1540
1542
1543
1546
1547
1548
1549
1560
1562
1563
1564
1567
1568
1569
1570
1572
1573
1574
1576
1578
1579
1580
1582
1583
1584
1586
1587
1589
1590
1592
1593
1594
1596
1597
1598
1602
1603
1604
1605
1607
1608
1609
1620
1623
1624
1625
1627
1628
1629
1630
1632
1634
1635
1637
1638
1639
1640
1642
1643
1645
1647
1648
1649
1650
1652
1653
1654
1657
1658
1659
1670
1672
1673
1674
1675
1678
1679
1680
1682
1683
1684
1685
1687
1689
1690
1692
1693
1694
1695
1697
1698
1702
1703
1704
1705
1706
1708
1709
1720
1723
1724
1725
1726
1728
1729
1730
1732
1734
1735
1736
1738
1739
1740
1742
1743
1745
1746
1748
1749
1750
1752
1753
1754
1756
1758
1759
1760
1762
1763
1764
1765
1768
1769
1780
1782
1783
1784
1785
1786
1789
1790
1792
1793
1794
1795
1796
1798
1802
1803
1804
1805
1806
1807
1809
1820
1823
1824
1825
1826
1827
1829
1830
1832
1834
1835
1836
1837
1839
1840
1842
1843
1845
1846
1847
1849
1850
1852
1853
1854
1856
1857
1859
1860
1862
1863
1864
1865
1867
1869
1870
1872
1873
1874
1875
1876
1879
1890
1892
1893
1894
1895
1896
1897
1902
1903
1904
1905
1906
1907
1908
1920
1923
1924
1925
1926
1927
1928
1930
1932
1934
1935
1936
1937
1938
1940
1942
1943
1945
1946
1947
1948
1950
1952
1953
1954
1956
1957
1958
1960
1962
1963
1964
1965
1967
1968
1970
1972
1973
1974
1975
1976
1978
1980
1982
1983
1984
1985
1986
1987
2013
2014
2015
2016
2017
2018
2019
2031
2034
2035
2036
2037
2038
2039
2041
2043
2045
2046
2047
2048
2049
2051
2053
2054
2056
2057
2058
2059
2061
2063
2064
2065
2067
2068
2069
2071
2073
2074
2075
2076
2078
2079
2081
2083
2084
2085
2086
2087
2089
2091
2093
2094
2095
2096
2097
2098
2103
2104
2105
2106
2107
2108
2109
2130
2134
2135
2136
2137
2138
2139
2140
2143
2145
2146
2147
2148
2149
2150
2153
2154
2156
2157
2158
2159
2160
2163
2164
2165
2167
2168
2169
2170
2173
2174
2175
2176
2178
2179
2180
2183
2184
2185
2186
2187
2189
2190
2193
2194
2195
2196
2197
2198
2301
2304
2305
2306
2307
2308
2309
2310
2314
2315
2316
2317
2318
2319
2340
2341
2345
2346
2347
2348
2349
2350
2351
2354
2356
2357
2358
2359
2360
2361
2364
2365
2367
2368
2369
2370
2371
2374
2375
2376
2378
2379
2380
2381
2384
2385
2386
2387
2389
2390
2391
2394
2395
2396
2397
2398
2401
2403
2405
2406
2407
2408
2409
2410
2413
2415
2416
2417
2418
2419
2430
2431
2435
2436
2437
2438
2439
2450
2451
2453
2456
2457
2458
2459
2460
2461
2463
2465
2467
2468
2469
2470
2471
2473
2475
2476
2478
2479
2480
2481
2483
2485
2486
2487
2489
2490
2491
2493
2495
2496
2497
2498
2501
2503
2504
2506
2507
2508
2509
2510
2513
2514
2516
2517
2518
2519
2530
2531
2534
2536
2537
2538
2539
2540
2541
2543
2546
2547
2548
2549
2560
2561
2563
2564
2567
2568
2569
2570
2571
2573
2574
2576
2578
2579
2580
2581
2583
2584
2586
2587
2589
2590
2591
2593
2594
2596
2597
2598
2601
2603
2604
2605
2607
2608
2609
2610
2613
2614
2615
2617
2618
2619
2630
2631
2634
2635
2637
2638
2639
2640
2641
2643
2645
2647
2648
2649
2650
2651
2653
2654
2657
2658
2659
2670
2671
2673
2674
2675
2678
2679
2680
2681
2683
2684
2685
2687
2689
2690
2691
2693
2694
2695
2697
2698
2701
2703
2704
2705
2706
2708
2709
2710
2713
2714
2715
2716
2718
2719
2730
2731
2734
2735
2736
2738
2739
2740
2741
2743
2745
2746
2748
2749
2750
2751
2753
2754
2756
2758
2759
2760
2761
2763
2764
2765
2768
2769
2780
2781
2783
2784
2785
2786
2789
2790
2791
2793
2794
2795
2796
2798
2801
2803
2804
2805
2806
2807
2809
2810
2813
2814
2815
2816
2817
2819
2830
2831
2834
2835
2836
2837
2839
2840
2841
2843
2845
2846
2847
2849
2850
2851
2853
2854
2856
2857
2859
2860
2861
2863
2864
2865
2867
2869
2870
2871
2873
2874
2875
2876
2879
2890
2891
2893
2894
2895
2896
2897
2901
2903
2904
2905
2906
2907
2908
2910
2913
2914
2915
2916
2917
2918
2930
2931
2934
2935
2936
2937
2938
2940
2941
2943
2945
2946
2947
2948
2950
2951
2953
2954
2956
2957
2958
2960
2961
2963
2964
2965
2967
2968
2970
2971
2973
2974
2975
2976
2978
2980
2981
2983
2984
2985
2986
2987
3012
3014
3015
3016
3017
3018
3019
3021
3024
3025
3026
3027
3028
3029
3041
3042
3045
3046
3047
3048
3049
3051
3052
3054
3056
3057
3058
3059
3061
3062
3064
3065
3067
3068
3069
3071
3072
3074
3075
3076
3078
3079
3081
3082
3084
3085
3086
3087
3089
3091
3092
3094
3095
3096
3097
3098
3102
3104
3105
3106
3107
3108
3109
3120
3124
3125
3126
3127
3128
3129
3140
3142
3145
3146
3147
3148
3149
3150
3152
3154
3156
3157
3158
3159
3160
3162
3164
3165
3167
3168
3169
3170
3172
3174
3175
3176
3178
3179
3180
3182
3184
3185
3186
3187
3189
3190
3192
3194
3195
3196
3197
3198
3201
3204
3205
3206
3207
3208
3209
3210
3214
3215
3216
3217
3218
3219
3240
3241
3245
3246
3247
3248
3249
3250
3251
3254
3256
3257
3258
3259
3260
3261
3264
3265
3267
3268
3269
3270
3271
3274
3275
3276
3278
3279
3280
3281
3284
3285
3286
3287
3289
3290
3291
3294
3295
3296
3297
3298
3401
3402
3405
3406
3407
3408
3409
3410
3412
3415
3416
3417
3418
3419
3420
3421
3425
3426
3427
3428
3429
3450
3451
3452
3456
3457
3458
3459
3460
3461
3462
3465
3467
3468
3469
3470
3471
3472
3475
3476
3478
3479
3480
3481
3482
3485
3486
3487
3489
3490
3491
3492
3495
3496
3497
3498
3501
3502
3504
3506
3507
3508
3509
3510
3512
3514
3516
3517
3518
3519
3520
3521
3524
3526
3527
3528
3529
3540
3541
3542
3546
3547
3548
3549
3560
3561
3562
3564
3567
3568
3569
3570
3571
3572
3574
3576
3578
3579
3580
3581
3582
3584
3586
3587
3589
3590
3591
3592
3594
3596
3597
3598
3601
3602
3604
3605
3607
3608
3609
3610
3612
3614
3615
3617
3618
3619
3620
3621
3624
3625
3627
3628
3629
3640
3641
3642
3645
3647
3648
3649
3650
3651
3652
3654
3657
3658
3659
3670
3671
3672
3674
3675
3678
3679
3680
3681
3682
3684
3685
3687
3689
3690
3691
3692
3694
3695
3697
3698
3701
3702
3704
3705
3706
3708
3709
3710
3712
3714
3715
3716
3718
3719
3720
3721
3724
3725
3726
3728
3729
3740
3741
3742
3745
3746
3748
3749
3750
3751
3752
3754
3756
3758
3759
3760
3761
3762
3764
3765
3768
3769
3780
3781
3782
3784
3785
3786
3789
3790
3791
3792
3794
3795
3796
3798
3801
3802
3804
3805
3806
3807
3809
3810
3812
3814
3815
3816
3817
3819
3820
3821
3824
3825
3826
3827
3829
3840
3841
3842
3845
3846
3847
3849
3850
3851
3852
3854
3856
3857
3859
3860
3861
3862
3864
3865
3867
3869
3870
3871
3872
3874
3875
3876
3879
3890
3891
3892
3894
3895
3896
3897
3901
3902
3904
3905
3906
3907
3908
3910
3912
3914
3915
3916
3917
3918
3920
3921
3924
3925
3926
3927
3928
3940
3941
3942
3945
3946
3947
3948
3950
3951
3952
3954
3956
3957
3958
3960
3961
3962
3964
3965
3967
3968
3970
3971
3972
3974
3975
3976
3978
3980
3981
3982
3984
3985
3986
3987
4012
4013
4015
4016
4017
4018
4019
4021
4023
4025
4026
4027
4028
4029
4031
4032
4035
4036
4037
4038
4039
4051
4052
4053
4056
4057
4058
4059
4061
4062
4063
4065
4067
4068
4069
4071
4072
4073
4075
4076
4078
4079
4081
4082
4083
4085
4086
4087
4089
4091
4092
4093
4095
4096
4097
4098
4102
4103
4105
4106
4107
4108
4109
4120
4123
4125
4126
4127
4128
4129
4130
4132
4135
4136
4137
4138
4139
4150
4152
4153
4156
4157
4158
4159
4160
4162
4163
4165
4167
4168
4169
4170
4172
4173
4175
4176
4178
4179
4180
4182
4183
4185
4186
4187
4189
4190
4192
4193
4195
4196
4197
4198
4201
4203
4205
4206
4207
4208
4209
4210
4213
4215
4216
4217
4218
4219
4230
4231
4235
4236
4237
4238
4239
4250
4251
4253
4256
4257
4258
4259
4260
4261
4263
4265
4267
4268
4269
4270
4271
4273
4275
4276
4278
4279
4280
4281
4283
4285
4286
4287
4289
4290
4291
4293
4295
4296
4297
4298
4301
4302
4305
4306
4307
4308
4309
4310
4312
4315
4316
4317
4318
4319
4320
4321
4325
4326
4327
4328
4329
4350
4351
4352
4356
4357
4358
4359
4360
4361
4362
4365
4367
4368
4369
4370
4371
4372
4375
4376
4378
4379
4380
4381
4382
4385
4386
4387
4389
4390
4391
4392
4395
4396
4397
4398
4501
4502
4503
4506
4507
4508
4509
4510
4512
4513
4516
4517
4518
4519
4520
4521
4523
4526
4527
4528
4529
4530
4531
4532
4536
4537
4538
4539
4560
4561
4562
4563
4567
4568
4569
4570
4571
4572
4573
4576
4578
4579
4580
4581
4582
4583
4586
4587
4589
4590
4591
4592
4593
4596
4597
4598
4601
4602
4603
4605
4607
4608
4609
4610
4612
4613
4615
4617
4618
4619
4620
4621
4623
4625
4627
4628
4629
4630
4631
4632
4635
4637
4638
4639
4650
4651
4652
4653
4657
4658
4659
4670
4671
4672
4673
4675
4678
4679
4680
4681
4682
4683
4685
4687
4689
4690
4691
4692
4693
4695
4697
4698
4701
4702
4703
4705
4706
4708
4709
4710
4712
4713
4715
4716
4718
4719
4720
4721
4723
4725
4726
4728
4729
4730
4731
4732
4735
4736
4738
4739
4750
4751
4752
4753
4756
4758
4759
4760
4761
4762
4763
4765
4768
4769
4780
4781
4782
4783
4785
4786
4789
4790
4791
4792
4793
4795
4796
4798
4801
4802
4803
4805
4806
4807
4809
4810
4812
4813
4815
4816
4817
4819
4820
4821
4823
4825
4826
4827
4829
4830
4831
4832
4835
4836
4837
4839
4850
4851
4852
4853
4856
4857
4859
4860
4861
4862
4863
4865
4867
4869
4870
4871
4872
4873
4875
4876
4879
4890
4891
4892
4893
4895
4896
4897
4901
4902
4903
4905
4906
4907
4908
4910
4912
4913
4915
4916
4917
4918
4920
4921
4923
4925
4926
4927
4928
4930
4931
4932
4935
4936
4937
4938
4950
4951
4952
4953
4956
4957
4958
4960
4961
4962
4963
4965
4967
4968
4970
4971
4972
4973
4975
4976
4978
4980
4981
4982
4983
4985
4986
4987
5012
5013
5014
5016
5017
5018
5019
5021
5023
5024
5026
5027
5028
5029
5031
5032
5034
5036
5037
5038
5039
5041
5042
5043
5046
5047
5048
5049
5061
5062
5063
5064
5067
5068
5069
5071
5072
5073
5074
5076
5078
5079
5081
5082
5083
5084
5086
5087
5089
5091
5092
5093
5094
5096
5097
5098
5102
5103
5104
5106
5107
5108
5109
5120
5123
5124
5126
5127
5128
5129
5130
5132
5134
5136
5137
5138
5139
5140
5142
5143
5146
5147
5148
5149
5160
5162
5163
5164
5167
5168
5169
5170
5172
5173
5174
5176
5178
5179
5180
5182
5183
5184
5186
5187
5189
5190
5192
5193
5194
5196
5197
5198
5201
5203
5204
5206
5207
5208
5209
5210
5213
5214
5216
5217
5218
5219
5230
5231
5234
5236
5237
5238
5239
5240
5241
5243
5246
5247
5248
5249
5260
5261
5263
5264
5267
5268
5269
5270
5271
5273
5274
5276
5278
5279
5280
5281
5283
5284
5286
5287
5289
5290
5291
5293
5294
5296
5297
5298
5301
5302
5304
5306
5307
5308
5309
5310
5312
5314
5316
5317
5318
5319
5320
5321
5324
5326
5327
5328
5329
5340
5341
5342
5346
5347
5348
5349
5360
5361
5362
5364
5367
5368
5369
5370
5371
5372
5374
5376
5378
5379
5380
5381
5382
5384
5386
5387
5389
5390
5391
5392
5394
5396
5397
5398
5401
5402
5403
5406
5407
5408
5409
5410
5412
5413
5416
5417
5418
5419
5420
5421
5423
5426
5427
5428
5429
5430
5431
5432
5436
5437
5438
5439
5460
5461
5462
5463
5467
5468
5469
5470
5471
5472
5473
5476
5478
5479
5480
5481
5482
5483
5486
5487
5489
5490
5491
5492
5493
5496
5497
5498
5601
5602
5603
5604
5607
5608
5609
5610
5612
5613
5614
5617
5618
5619
5620
5621
5623
5624
5627
5628
5629
5630
5631
5632
5634
5637
5638
5639
5640
5641
5642
5643
5647
5648
5649
5670
5671
5672
5673
5674
5678
5679
5680
5681
5682
5683
5684
5687
5689
5690
5691
5692
5693
5694
5697
5698
5701
5702
5703
5704
5706
5708
5709
5710
5712
5713
5714
5716
5718
5719
5720
5721
5723
5724
5726
5728
5729
5730
5731
5732
5734
5736
5738
5739
5740
5741
5742
5743
5746
5748
5749
5760
5761
5762
5763
5764
5768
5769
5780
5781
5782
5783
5784
5786
5789
5790
5791
5792
5793
5794
5796
5798
5801
5802
5803
5804
5806
5807
5809
5810
5812
5813
5814
5816
5817
5819
5820
5821
5823
5824
5826
5827
5829
5830
5831
5832
5834
5836
5837
5839
5840
5841
5842
5843
5846
5847
5849
5860
5861
5862
5863
5864
5867
5869
5870
5871
5872
5873
5874
5876
5879
5890
5891
5892
5893
5894
5896
5897
5901
5902
5903
5904
5906
5907
5908
5910
5912
5913
5914
5916
5917
5918
5920
5921
5923
5924
5926
5927
5928
5930
5931
5932
5934
5936
5937
5938
5940
5941
5942
5943
5946
5947
5948
5960
5961
5962
5963
5964
5967
5968
5970
5971
5972
5973
5974
5976
5978
5980
5981
5982
5983
5984
5986
5987
6012
6013
6014
6015
6017
6018
6019
6021
6023
6024
6025
6027
6028
6029
6031
6032
6034
6035
6037
6038
6039
6041
6042
6043
6045
6047
6048
6049
6051
6052
6053
6054
6057
6058
6059
6071
6072
6073
6074
6075
6078
6079
6081
6082
6083
6084
6085
6087
6089
6091
6092
6093
6094
6095
6097
6098
6102
6103
6104
6105
6107
6108
6109
6120
6123
6124
6125
6127
6128
6129
6130
6132
6134
6135
6137
6138
6139
6140
6142
6143
6145
6147
6148
6149
6150
6152
6153
6154
6157
6158
6159
6170
6172
6173
6174
6175
6178
6179
6180
6182
6183
6184
6185
6187
6189
6190
6192
6193
6194
6195
6197
6198
6201
6203
6204
6205
6207
6208
6209
6210
6213
6214
6215
6217
6218
6219
6230
6231
6234
6235
6237
6238
6239
6240
6241
6243
6245
6247
6248
6249
6250
6251
6253
6254
6257
6258
6259
6270
6271
6273
6274
6275
6278
6279
6280
6281
6283
6284
6285
6287
6289
6290
6291
6293
6294
6295
6297
6298
6301
6302
6304
6305
6307
6308
6309
6310
6312
6314
6315
6317
6318
6319
6320
6321
6324
6325
6327
6328
6329
6340
6341
6342
6345
6347
6348
6349
6350
6351
6352
6354
6357
6358
6359
6370
6371
6372
6374
6375
6378
6379
6380
6381
6382
6384
6385
6387
6389
6390
6391
6392
6394
6395
6397
6398
6401
6402
6403
6405
6407
6408
6409
6410
6412
6413
6415
6417
6418
6419
6420
6421
6423
6425
6427
6428
6429
6430
6431
6432
6435
6437
6438
6439
6450
6451
6452
6453
6457
6458
6459
6470
6471
6472
6473
6475
6478
6479
6480
6481
6482
6483
6485
6487
6489
6490
6491
6492
6493
6495
6497
6498
6501
6502
6503
6504
6507
6508
6509
6510
6512
6513
6514
6517
6518
6519
6520
6521
6523
6524
6527
6528
6529
6530
6531
6532
6534
6537
6538
6539
6540
6541
6542
6543
6547
6548
6549
6570
6571
6572
6573
6574
6578
6579
6580
6581
6582
6583
6584
6587
6589
6590
6591
6592
6593
6594
6597
6598
6701
6702
6703
6704
6705
6708
6709
6710
6712
6713
6714
6715
6718
6719
6720
6721
6723
6724
6725
6728
6729
6730
6731
6732
6734
6735
6738
6739
6740
6741
6742
6743
6745
6748
6749
6750
6751
6752
6753
6754
6758
6759
6780
6781
6782
6783
6784
6785
6789
6790
6791
6792
6793
6794
6795
6798
6801
6802
6803
6804
6805
6807
6809
6810
6812
6813
6814
6815
6817
6819
6820
6821
6823
6824
6825
6827
6829
6830
6831
6832
6834
6835
6837
6839
6840
6841
6842
6843
6845
6847
6849
6850
6851
6852
6853
6854
6857
6859
6870
6871
6872
6873
6874
6875
6879
6890
6891
6892
6893
6894
6895
6897
6901
6902
6903
6904
6905
6907
6908
6910
6912
6913
6914
6915
6917
6918
6920
6921
6923
6924
6925
6927
6928
6930
6931
6932
6934
6935
6937
6938
6940
6941
6942
6943
6945
6947
6948
6950
6951
6952
6953
6954
6957
6958
6970
6971
6972
6973
6974
6975
6978
6980
6981
6982
6983
6984
6985
6987
7012
7013
7014
7015
7016
7018
7019
7021
7023
7024
7025
7026
7028
7029
7031
7032
7034
7035
7036
7038
7039
7041
7042
7043
7045
7046
7048
7049
7051
7052
7053
7054
7056
7058
7059
7061
7062
7063
7064
7065
7068
7069
7081
7082
7083
7084
7085
7086
7089
7091
7092
7093
7094
7095
7096
7098
7102
7103
7104
7105
7106
7108
7109
7120
7123
7124
7125
7126
7128
7129
7130
7132
7134
7135
7136
7138
7139
7140
7142
7143
7145
7146
7148
7149
7150
7152
7153
7154
7156
7158
7159
7160
7162
7163
7164
7165
7168
7169
7180
7182
7183
7184
7185
7186
7189
7190
7192
7193
7194
7195
7196
7198
7201
7203
7204
7205
7206
7208
7209
7210
7213
7214
7215
7216
7218
7219
7230
7231
7234
7235
7236
7238
7239
7240
7241
7243
7245
7246
7248
7249
7250
7251
7253
7254
7256
7258
7259
7260
7261
7263
7264
7265
7268
7269
7280
7281
7283
7284
7285
7286
7289
7290
7291
7293
7294
7295
7296
7298
7301
7302
7304
7305
7306
7308
7309
7310
7312
7314
7315
7316
7318
7319
7320
7321
7324
7325
7326
7328
7329
7340
7341
7342
7345
7346
7348
7349
7350
7351
7352
7354
7356
7358
7359
7360
7361
7362
7364
7365
7368
7369
7380
7381
7382
7384
7385
7386
7389
7390
7391
7392
7394
7395
7396
7398
7401
7402
7403
7405
7406
7408
7409
7410
7412
7413
7415
7416
7418
7419
7420
7421
7423
7425
7426
7428
7429
7430
7431
7432
7435
7436
7438
7439
7450
7451
7452
7453
7456
7458
7459
7460
7461
7462
7463
7465
7468
7469
7480
7481
7482
7483
7485
7486
7489
7490
7491
7492
7493
7495
7496
7498
7501
7502
7503
7504
7506
7508
7509
7510
7512
7513
7514
7516
7518
7519
7520
7521
7523
7524
7526
7528
7529
7530
7531
7532
7534
7536
7538
7539
7540
7541
7542
7543
7546
7548
7549
7560
7561
7562
7563
7564
7568
7569
7580
7581
7582
7583
7584
7586
7589
7590
7591
7592
7593
7594
7596
7598
7601
7602
7603
7604
7605
7608
7609
7610
7612
7613
7614
7615
7618
7619
7620
7621
7623
7624
7625
7628
7629
7630
7631
7632
7634
7635
7638
7639
7640
7641
7642
7643
7645
7648
7649
7650
7651
7652
7653
7654
7658
7659
7680
7681
7682
7683
7684
7685
7689
7690
7691
7692
7693
7694
7695
7698
7801
7802
7803
7804
7805
7806
7809
7810
7812
7813
7814
7815
7816
7819
7820
7821
7823
7824
7825
7826
7829
7830
7831
7832
7834
7835
7836
7839
7840
7841
7842
7843
7845
7846
7849
7850
7851
7852
7853
7854
7856
7859
7860
7861
7862
7863
7864
7865
7869
7890
7891
7892
7893
7894
7895
7896
7901
7902
7903
7904
7905
7906
7908
7910
7912
7913
7914
7915
7916
7918
7920
7921
7923
7924
7925
7926
7928
7930
7931
7932
7934
7935
7936
7938
7940
7941
7942
7943
7945
7946
7948
7950
7951
7952
7953
7954
7956
7958
7960
7961
7962
7963
7964
7965
7968
7980
7981
7982
7983
7984
7985
7986
8012
8013
8014
8015
8016
8017
8019
8021
8023
8024
8025
8026
8027
8029
8031
8032
8034
8035
8036
8037
8039
8041
8042
8043
8045
8046
8047
8049
8051
8052
8053
8054
8056
8057
8059
8061
8062
8063
8064
8065
8067
8069
8071
8072
8073
8074
8075
8076
8079
8091
8092
8093
8094
8095
8096
8097
8102
8103
8104
8105
8106
8107
8109
8120
8123
8124
8125
8126
8127
8129
8130
8132
8134
8135
8136
8137
8139
8140
8142
8143
8145
8146
8147
8149
8150
8152
8153
8154
8156
8157
8159
8160
8162
8163
8164
8165
8167
8169
8170
8172
8173
8174
8175
8176
8179
8190
8192
8193
8194
8195
8196
8197
8201
8203
8204
8205
8206
8207
8209
8210
8213
8214
8215
8216
8217
8219
8230
8231
8234
8235
8236
8237
8239
8240
8241
8243
8245
8246
8247
8249
8250
8251
8253
8254
8256
8257
8259
8260
8261
8263
8264
8265
8267
8269
8270
8271
8273
8274
8275
8276
8279
8290
8291
8293
8294
8295
8296
8297
8301
8302
8304
8305
8306
8307
8309
8310
8312
8314
8315
8316
8317
8319
8320
8321
8324
8325
8326
8327
8329
8340
8341
8342
8345
8346
8347
8349
8350
8351
8352
8354
8356
8357
8359
8360
8361
8362
8364
8365
8367
8369
8370
8371
8372
8374
8375
8376
8379
8390
8391
8392
8394
8395
8396
8397
8401
8402
8403
8405
8406
8407
8409
8410
8412
8413
8415
8416
8417
8419
8420
8421
8423
8425
8426
8427
8429
8430
8431
8432
8435
8436
8437
8439
8450
8451
8452
8453
8456
8457
8459
8460
8461
8462
8463
8465
8467
8469
8470
8471
8472
8473
8475
8476
8479
8490
8491
8492
8493
8495
8496
8497
8501
8502
8503
8504
8506
8507
8509
8510
8512
8513
8514
8516
8517
8519
8520
8521
8523
8524
8526
8527
8529
8530
8531
8532
8534
8536
8537
8539
8540
8541
8542
8543
8546
8547
8549
8560
8561
8562
8563
8564
8567
8569
8570
8571
8572
8573
8574
8576
8579
8590
8591
8592
8593
8594
8596
8597
8601
8602
8603
8604
8605
8607
8609
8610
8612
8613
8614
8615
8617
8619
8620
8621
8623
8624
8625
8627
8629
8630
8631
8632
8634
8635
8637
8639
8640
8641
8642
8643
8645
8647
8649
8650
8651
8652
8653
8654
8657
8659
8670
8671
8672
8673
8674
8675
8679
8690
8691
8692
8693
8694
8695
8697
8701
8702
8703
8704
8705
8706
8709
8710
8712
8713
8714
8715
8716
8719
8720
8721
8723
8724
8725
8726
8729
8730
8731
8732
8734
8735
8736
8739
8740
8741
8742
8743
8745
8746
8749
8750
8751
8752
8753
8754
8756
8759
8760
8761
8762
8763
8764
8765
8769
8790
8791
8792
8793
8794
8795
8796
8901
8902
8903
8904
8905
8906
8907
8910
8912
8913
8914
8915
8916
8917
8920
8921
8923
8924
8925
8926
8927
8930
8931
8932
8934
8935
8936
8937
8940
8941
8942
8943
8945
8946
8947
8950
8951
8952
8953
8954
8956
8957
8960
8961
8962
8963
8964
8965
8967
8970
8971
8972
8973
8974
8975
8976
9012
9013
9014
9015
9016
9017
9018
9021
9023
9024
9025
9026
9027
9028
9031
9032
9034
9035
9036
9037
9038
9041
9042
9043
9045
9046
9047
9048
9051
9052
9053
9054
9056
9057
9058
9061
9062
9063
9064
9065
9067
9068
9071
9072
9073
9074
9075
9076
9078
9081
9082
9083
9084
9085
9086
9087
9102
9103
9104
9105
9106
9107
9108
9120
9123
9124
9125
9126
9127
9128
9130
9132
9134
9135
9136
9137
9138
9140
9142
9143
9145
9146
9147
9148
9150
9152
9153
9154
9156
9157
9158
9160
9162
9163
9164
9165
9167
9168
9170
9172
9173
9174
9175
9176
9178
9180
9182
9183
9184
9185
9186
9187
9201
9203
9204
9205
9206
9207
9208
9210
9213
9214
9215
9216
9217
9218
9230
9231
9234
9235
9236
9237
9238
9240
9241
9243
9245
9246
9247
9248
9250
9251
9253
9254
9256
9257
9258
9260
9261
9263
9264
9265
9267
9268
9270
9271
9273
9274
9275
9276
9278
9280
9281
9283
9284
9285
9286
9287
9301
9302
9304
9305
9306
9307
9308
9310
9312
9314
9315
9316
9317
9318
9320
9321
9324
9325
9326
9327
9328
9340
9341
9342
9345
9346
9347
9348
9350
9351
9352
9354
9356
9357
9358
9360
9361
9362
9364
9365
9367
9368
9370
9371
9372
9374
9375
9376
9378
9380
9381
9382
9384
9385
9386
9387
9401
9402
9403
9405
9406
9407
9408
9410
9412
9413
9415
9416
9417
9418
9420
9421
9423
9425
9426
9427
9428
9430
9431
9432
9435
9436
9437
9438
9450
9451
9452
9453
9456
9457
9458
9460
9461
9462
9463
9465
9467
9468
9470
9471
9472
9473
9475
9476
9478
9480
9481
9482
9483
9485
9486
9487
9501
9502
9503
9504
9506
9507
9508
9510
9512
9513
9514
9516
9517
9518
9520
9521
9523
9524
9526
9527
9528
9530
9531
9532
9534
9536
9537
9538
9540
9541
9542
9543
9546
9547
9548
9560
9561
9562
9563
9564
9567
9568
9570
9571
9572
9573
9574
9576
9578
9580
9581
9582
9583
9584
9586
9587
9601
9602
9603
9604
9605
9607
9608
9610
9612
9613
9614
9615
9617
9618
9620
9621
9623
9624
9625
9627
9628
9630
9631
9632
9634
9635
9637
9638
9640
9641
9642
9643
9645
9647
9648
9650
9651
9652
9653
9654
9657
9658
9670
9671
9672
9673
9674
9675
9678
9680
9681
9682
9683
9684
9685
9687
9701
9702
9703
9704
9705
9706
9708
9710
9712
9713
9714
9715
9716
9718
9720
9721
9723
9724
9725
9726
9728
9730
9731
9732
9734
9735
9736
9738
9740
9741
9742
9743
9745
9746
9748
9750
9751
9752
9753
9754
9756
9758
9760
9761
9762
9763
9764
9765
9768
9780
9781
9782
9783
9784
9785
9786
9801
9802
9803
9804
9805
9806
9807
9810
9812
9813
9814
9815
9816
9817
9820
9821
9823
9824
9825
9826
9827
9830
9831
9832
9834
9835
9836
9837
9840
9841
9842
9843
9845
9846
9847
9850
9851
9852
9853
9854
9856
9857
9860
9861
9862
9863
9864
9865
9867
9870
9871
9872
9873
9874
9875
9876
10234
10235
10236
10237
10238
10239
10243
10245
10246
10247
10248
10249
10253
10254
10256
10257
10258
10259
10263
10264
10265
10267
10268
10269
10273
10274
10275
10276
10278
10279
10283
10284
10285
10286
10287
10289
10293
10294
10295
10296
10297
10298
10324
10325
10326
10327
10328
10329
10342
10345
10346
10347
10348
10349
10352
10354
10356
10357
10358
10359
10362
10364
10365
10367
10368
10369
10372
10374
10375
10376
10378
10379
10382
10384
10385
10386
10387
10389
10392
10394
10395
10396
10397
10398
10423
10425
10426
10427
10428
10429
10432
10435
10436
10437
10438
10439
10452
10453
10456
10457
10458
10459
10462
10463
10465
10467
10468
10469
10472
10473
10475
10476
10478
10479
10482
10483
10485
10486
10487
10489
10492
10493
10495
10496
10497
10498
10523
10524
10526
10527
10528
10529
10532
10534
10536
10537
10538
10539
10542
10543
10546
10547
10548
10549
10562
10563
10564
10567
10568
10569
10572
10573
10574
10576
10578
10579
10582
10583
10584
10586
10587
10589
10592
10593
10594
10596
10597
10598
10623
10624
10625
10627
10628
10629
10632
10634
10635
10637
10638
10639
10642
10643
10645
10647
10648
10649
10652
10653
10654
10657
10658
10659
10672
10673
10674
10675
10678
10679
10682
10683
10684
10685
10687
10689
10692
10693
10694
10695
10697
10698
10723
10724
10725
10726
10728
10729
10732
10734
10735
10736
10738
10739
10742
10743
10745
10746
10748
10749
10752
10753
10754
10756
10758
10759
10762
10763
10764
10765
10768
10769
10782
10783
10784
10785
10786
10789
10792
10793
10794
10795
10796
10798
10823
10824
10825
10826
10827
10829
10832
10834
10835
10836
10837
10839
10842
10843
10845
10846
10847
10849
10852
10853
10854
10856
10857
10859
10862
10863
10864
10865
10867
10869
10872
10873
10874
10875
10876
10879
10892
10893
10894
10895
10896
10897
10923
10924
10925
10926
10927
10928
10932
10934
10935
10936
10937
10938
10942
10943
10945
10946
10947
10948
10952
10953
10954
10956
10957
10958
10962
10963
10964
10965
10967
10968
10972
10973
10974
10975
10976
10978
10982
10983
10984
10985
10986
10987
12034
12035
12036
12037
12038
12039
12043
12045
12046
12047
12048
12049
12053
12054
12056
12057
12058
12059
12063
12064
12065
12067
12068
12069
12073
12074
12075
12076
12078
12079
12083
12084
12085
12086
12087
12089
12093
12094
12095
12096
12097
12098
12304
12305
12306
12307
12308
12309
12340
12345
12346
12347
12348
12349
12350
12354
12356
12357
12358
12359
12360
12364
12365
12367
12368
12369
12370
12374
12375
12376
12378
12379
12380
12384
12385
12386
12387
12389
12390
12394
12395
12396
12397
12398
12403
12405
12406
12407
12408
12409
12430
12435
12436
12437
12438
12439
12450
12453
12456
12457
12458
12459
12460
12463
12465
12467
12468
12469
12470
12473
12475
12476
12478
12479
12480
12483
12485
12486
12487
12489
12490
12493
12495
12496
12497
12498
12503
12504
12506
12507
12508
12509
12530
12534
12536
12537
12538
12539
12540
12543
12546
12547
12548
12549
12560
12563
12564
12567
12568
12569
12570
12573
12574
12576
12578
12579
12580
12583
12584
12586
12587
12589
12590
12593
12594
12596
12597
12598
12603
12604
12605
12607
12608
12609
12630
12634
12635
12637
12638
12639
12640
12643
12645
12647
12648
12649
12650
12653
12654
12657
12658
12659
12670
12673
12674
12675
12678
12679
12680
12683
12684
12685
12687
12689
12690
12693
12694
12695
12697
12698
12703
12704
12705
12706
12708
12709
12730
12734
12735
12736
12738
12739
12740
12743
12745
12746
12748
12749
12750
12753
12754
12756
12758
12759
12760
12763
12764
12765
12768
12769
12780
12783
12784
12785
12786
12789
12790
12793
12794
12795
12796
12798
12803
12804
12805
12806
12807
12809
12830
12834
12835
12836
12837
12839
12840
12843
12845
12846
12847
12849
12850
12853
12854
12856
12857
12859
12860
12863
12864
12865
12867
12869
12870
12873
12874
12875
12876
12879
12890
12893
12894
12895
12896
12897
12903
12904
12905
12906
12907
12908
12930
12934
12935
12936
12937
12938
12940
12943
12945
12946
12947
12948
12950
12953
12954
12956
12957
12958
12960
12963
12964
12965
12967
12968
12970
12973
12974
12975
12976
12978
12980
12983
12984
12985
12986
12987
13024
13025
13026
13027
13028
13029
13042
13045
13046
13047
13048
13049
13052
13054
13056
13057
13058
13059
13062
13064
13065
13067
13068
13069
13072
13074
13075
13076
13078
13079
13082
13084
13085
13086
13087
13089
13092
13094
13095
13096
13097
13098
13204
13205
13206
13207
13208
13209
13240
13245
13246
13247
13248
13249
13250
13254
13256
13257
13258
13259
13260
13264
13265
13267
13268
13269
13270
13274
13275
13276
13278
13279
13280
13284
13285
13286
13287
13289
13290
13294
13295
13296
13297
13298
13402
13405
13406
13407
13408
13409
13420
13425
13426
13427
13428
13429
13450
13452
13456
13457
13458
13459
13460
13462
13465
13467
13468
13469
13470
13472
13475
13476
13478
13479
13480
13482
13485
13486
13487
13489
13490
13492
13495
13496
13497
13498
13502
13504
13506
13507
13508
13509
13520
13524
13526
13527
13528
13529
13540
13542
13546
13547
13548
13549
13560
13562
13564
13567
13568
13569
13570
13572
13574
13576
13578
13579
13580
13582
13584
13586
13587
13589
13590
13592
13594
13596
13597
13598
13602
13604
13605
13607
13608
13609
13620
13624
13625
13627
13628
13629
13640
13642
13645
13647
13648
13649
13650
13652
13654
13657
13658
13659
13670
13672
13674
13675
13678
13679
13680
13682
13684
13685
13687
13689
13690
13692
13694
13695
13697
13698
13702
13704
13705
13706
13708
13709
13720
13724
13725
13726
13728
13729
13740
13742
13745
13746
13748
13749
13750
13752
13754
13756
13758
13759
13760
13762
13764
13765
13768
13769
13780
13782
13784
13785
13786
13789
13790
13792
13794
13795
13796
13798
13802
13804
13805
13806
13807
13809
13820
13824
13825
13826
13827
13829
13840
13842
13845
13846
13847
13849
13850
13852
13854
13856
13857
13859
13860
13862
13864
13865
13867
13869
13870
13872
13874
13875
13876
13879
13890
13892
13894
13895
13896
13897
13902
13904
13905
13906
13907
13908
13920
13924
13925
13926
13927
13928
13940
13942
13945
13946
13947
13948
13950
13952
13954
13956
13957
13958
13960
13962
13964
13965
13967
13968
13970
13972
13974
13975
13976
13978
13980
13982
13984
13985
13986
13987
14023
14025
14026
14027
14028
14029
14032
14035
14036
14037
14038
14039
14052
14053
14056
14057
14058
14059
14062
14063
14065
14067
14068
14069
14072
14073
14075
14076
14078
14079
14082
14083
14085
14086
14087
14089
14092
14093
14095
14096
14097
14098
14203
14205
14206
14207
14208
14209
14230
14235
14236
14237
14238
14239
14250
14253
14256
14257
14258
14259
14260
14263
14265
14267
14268
14269
14270
14273
14275
14276
14278
14279
14280
14283
14285
14286
14287
14289
14290
14293
14295
14296
14297
14298
14302
14305
14306
14307
14308
14309
14320
14325
14326
14327
14328
14329
14350
14352
14356
14357
14358
14359
14360
14362
14365
14367
14368
14369
14370
14372
14375
14376
14378
14379
14380
14382
14385
14386
14387
14389
14390
14392
14395
14396
14397
14398
14502
14503
14506
14507
14508
14509
14520
14523
14526
14527
14528
14529
14530
14532
14536
14537
14538
14539
14560
14562
14563
14567
14568
14569
14570
14572
14573
14576
14578
14579
14580
14582
14583
14586
14587
14589
14590
14592
14593
14596
14597
14598
14602
14603
14605
14607
14608
14609
14620
14623
14625
14627
14628
14629
14630
14632
14635
14637
14638
14639
14650
14652
14653
14657
14658
14659
14670
14672
14673
14675
14678
14679
14680
14682
14683
14685
14687
14689
14690
14692
14693
14695
14697
14698
14702
14703
14705
14706
14708
14709
14720
14723
14725
14726
14728
14729
14730
14732
14735
14736
14738
14739
14750
14752
14753
14756
14758
14759
14760
14762
14763
14765
14768
14769
14780
14782
14783
14785
14786
14789
14790
14792
14793
14795
14796
14798
14802
14803
14805
14806
14807
14809
14820
14823
14825
14826
14827
14829
14830
14832
14835
14836
14837
14839
14850
14852
14853
14856
14857
14859
14860
14862
14863
14865
14867
14869
14870
14872
14873
14875
14876
14879
14890
14892
14893
14895
14896
14897
14902
14903
14905
14906
14907
14908
14920
14923
14925
14926
14927
14928
14930
14932
14935
14936
14937
14938
14950
14952
14953
14956
14957
14958
14960
14962
14963
14965
14967
14968
14970
14972
14973
14975
14976
14978
14980
14982
14983
14985
14986
14987
15023
15024
15026
15027
15028
15029
15032
15034
15036
15037
15038
15039
15042
15043
15046
15047
15048
15049
15062
15063
15064
15067
15068
15069
15072
15073
15074
15076
15078
15079
15082
15083
15084
15086
15087
15089
15092
15093
15094
15096
15097
15098
15203
15204
15206
15207
15208
15209
15230
15234
15236
15237
15238
15239
15240
15243
15246
15247
15248
15249
15260
15263
15264
15267
15268
15269
15270
15273
15274
15276
15278
15279
15280
15283
15284
15286
15287
15289
15290
15293
15294
15296
15297
15298
15302
15304
15306
15307
15308
15309
15320
15324
15326
15327
15328
15329
15340
15342
15346
15347
15348
15349
15360
15362
15364
15367
15368
15369
15370
15372
15374
15376
15378
15379
15380
15382
15384
15386
15387
15389
15390
15392
15394
15396
15397
15398
15402
15403
15406
15407
15408
15409
15420
15423
15426
15427
15428
15429
15430
15432
15436
15437
15438
15439
15460
15462
15463
15467
15468
15469
15470
15472
15473
15476
15478
15479
15480
15482
15483
15486
15487
15489
15490
15492
15493
15496
15497
15498
15602
15603
15604
15607
15608
15609
15620
15623
15624
15627
15628
15629
15630
15632
15634
15637
15638
15639
15640
15642
15643
15647
15648
15649
15670
15672
15673
15674
15678
15679
15680
15682
15683
15684
15687
15689
15690
15692
15693
15694
15697
15698
15702
15703
15704
15706
15708
15709
15720
15723
15724
15726
15728
15729
15730
15732
15734
15736
15738
15739
15740
15742
15743
15746
15748
15749
15760
15762
15763
15764
15768
15769
15780
15782
15783
15784
15786
15789
15790
15792
15793
15794
15796
15798
15802
15803
15804
15806
15807
15809
15820
15823
15824
15826
15827
15829
15830
15832
15834
15836
15837
15839
15840
15842
15843
15846
15847
15849
15860
15862
15863
15864
15867
15869
15870
15872
15873
15874
15876
15879
15890
15892
15893
15894
15896
15897
15902
15903
15904
15906
15907
15908
15920
15923
15924
15926
15927
15928
15930
15932
15934
15936
15937
15938
15940
15942
15943
15946
15947
15948
15960
15962
15963
15964
15967
15968
15970
15972
15973
15974
15976
15978
15980
15982
15983
15984
15986
15987
16023
16024
16025
16027
16028
16029
16032
16034
16035
16037
16038
16039
16042
16043
16045
16047
16048
16049
16052
16053
16054
16057
16058
16059
16072
16073
16074
16075
16078
16079
16082
16083
16084
16085
16087
16089
16092
16093
16094
16095
16097
16098
16203
16204
16205
16207
16208
16209
16230
16234
16235
16237
16238
16239
16240
16243
16245
16247
16248
16249
16250
16253
16254
16257
16258
16259
16270
16273
16274
16275
16278
16279
16280
16283
16284
16285
16287
16289
16290
16293
16294
16295
16297
16298
16302
16304
16305
16307
16308
16309
16320
16324
16325
16327
16328
16329
16340
16342
16345
16347
16348
16349
16350
16352
16354
16357
16358
16359
16370
16372
16374
16375
16378
16379
16380
16382
16384
16385
16387
16389
16390
16392
16394
16395
16397
16398
16402
16403
16405
16407
16408
16409
16420
16423
16425
16427
16428
16429
16430
16432
16435
16437
16438
16439
16450
16452
16453
16457
16458
16459
16470
16472
16473
16475
16478
16479
16480
16482
16483
16485
16487
16489
16490
16492
16493
16495
16497
16498
16502
16503
16504
16507
16508
16509
16520
16523
16524
16527
16528
16529
16530
16532
16534
16537
16538
16539
16540
16542
16543
16547
16548
16549
16570
16572
16573
16574
16578
16579
16580
16582
16583
16584
16587
16589
16590
16592
16593
16594
16597
16598
16702
16703
16704
16705
16708
16709
16720
16723
16724
16725
16728
16729
16730
16732
16734
16735
16738
16739
16740
16742
16743
16745
16748
16749
16750
16752
16753
16754
16758
16759
16780
16782
16783
16784
16785
16789
16790
16792
16793
16794
16795
16798
16802
16803
16804
16805
16807
16809
16820
16823
16824
16825
16827
16829
16830
16832
16834
16835
16837
16839
16840
16842
16843
16845
16847
16849
16850
16852
16853
16854
16857
16859
16870
16872
16873
16874
16875
16879
16890
16892
16893
16894
16895
16897
16902
16903
16904
16905
16907
16908
16920
16923
16924
16925
16927
16928
16930
16932
16934
16935
16937
16938
16940
16942
16943
16945
16947
16948
16950
16952
16953
16954
16957
16958
16970
16972
16973
16974
16975
16978
16980
16982
16983
16984
16985
16987
17023
17024
17025
17026
17028
17029
17032
17034
17035
17036
17038
17039
17042
17043
17045
17046
17048
17049
17052
17053
17054
17056
17058
17059
17062
17063
17064
17065
17068
17069
17082
17083
17084
17085
17086
17089
17092
17093
17094
17095
17096
17098
17203
17204
17205
17206
17208
17209
17230
17234
17235
17236
17238
17239
17240
17243
17245
17246
17248
17249
17250
17253
17254
17256
17258
17259
17260
17263
17264
17265
17268
17269
17280
17283
17284
17285
17286
17289
17290
17293
17294
17295
17296
17298
17302
17304
17305
17306
17308
17309
17320
17324
17325
17326
17328
17329
17340
17342
17345
17346
17348
17349
17350
17352
17354
17356
17358
17359
17360
17362
17364
17365
17368
17369
17380
17382
17384
17385
17386
17389
17390
17392
17394
17395
17396
17398
17402
17403
17405
17406
17408
17409
17420
17423
17425
17426
17428
17429
17430
17432
17435
17436
17438
17439
17450
17452
17453
17456
17458
17459
17460
17462
17463
17465
17468
17469
17480
17482
17483
17485
17486
17489
17490
17492
17493
17495
17496
17498
17502
17503
17504
17506
17508
17509
17520
17523
17524
17526
17528
17529
17530
17532
17534
17536
17538
17539
17540
17542
17543
17546
17548
17549
17560
17562
17563
17564
17568
17569
17580
17582
17583
17584
17586
17589
17590
17592
17593
17594
17596
17598
17602
17603
17604
17605
17608
17609
17620
17623
17624
17625
17628
17629
17630
17632
17634
17635
17638
17639
17640
17642
17643
17645
17648
17649
17650
17652
17653
17654
17658
17659
17680
17682
17683
17684
17685
17689
17690
17692
17693
17694
17695
17698
17802
17803
17804
17805
17806
17809
17820
17823
17824
17825
17826
17829
17830
17832
17834
17835
17836
17839
17840
17842
17843
17845
17846
17849
17850
17852
17853
17854
17856
17859
17860
17862
17863
17864
17865
17869
17890
17892
17893
17894
17895
17896
17902
17903
17904
17905
17906
17908
17920
17923
17924
17925
17926
17928
17930
17932
17934
17935
17936
17938
17940
17942
17943
17945
17946
17948
17950
17952
17953
17954
17956
17958
17960
17962
17963
17964
17965
17968
17980
17982
17983
17984
17985
17986
18023
18024
18025
18026
18027
18029
18032
18034
18035
18036
18037
18039
18042
18043
18045
18046
18047
18049
18052
18053
18054
18056
18057
18059
18062
18063
18064
18065
18067
18069
18072
18073
18074
18075
18076
18079
18092
18093
18094
18095
18096
18097
18203
18204
18205
18206
18207
18209
18230
18234
18235
18236
18237
18239
18240
18243
18245
18246
18247
18249
18250
18253
18254
18256
18257
18259
18260
18263
18264
18265
18267
18269
18270
18273
18274
18275
18276
18279
18290
18293
18294
18295
18296
18297
18302
18304
18305
18306
18307
18309
18320
18324
18325
18326
18327
18329
18340
18342
18345
18346
18347
18349
18350
18352
18354
18356
18357
18359
18360
18362
18364
18365
18367
18369
18370
18372
18374
18375
18376
18379
18390
18392
18394
18395
18396
18397
18402
18403
18405
18406
18407
18409
18420
18423
18425
18426
18427
18429
18430
18432
18435
18436
18437
18439
18450
18452
18453
18456
18457
18459
18460
18462
18463
18465
18467
18469
18470
18472
18473
18475
18476
18479
18490
18492
18493
18495
18496
18497
18502
18503
18504
18506
18507
18509
18520
18523
18524
18526
18527
18529
18530
18532
18534
18536
18537
18539
18540
18542
18543
18546
18547
18549
18560
18562
18563
18564
18567
18569
18570
18572
18573
18574
18576
18579
18590
18592
18593
18594
18596
18597
18602
18603
18604
18605
18607
18609
18620
18623
18624
18625
18627
18629
18630
18632
18634
18635
18637
18639
18640
18642
18643
18645
18647
18649
18650
18652
18653
18654
18657
18659
18670
18672
18673
18674
18675
18679
18690
18692
18693
18694
18695
18697
18702
18703
18704
18705
18706
18709
18720
18723
18724
18725
18726
18729
18730
18732
18734
18735
18736
18739
18740
18742
18743
18745
18746
18749
18750
18752
18753
18754
18756
18759
18760
18762
18763
18764
18765
18769
18790
18792
18793
18794
18795
18796
18902
18903
18904
18905
18906
18907
18920
18923
18924
18925
18926
18927
18930
18932
18934
18935
18936
18937
18940
18942
18943
18945
18946
18947
18950
18952
18953
18954
18956
18957
18960
18962
18963
18964
18965
18967
18970
18972
18973
18974
18975
18976
19023
19024
19025
19026
19027
19028
19032
19034
19035
19036
19037
19038
19042
19043
19045
19046
19047
19048
19052
19053
19054
19056
19057
19058
19062
19063
19064
19065
19067
19068
19072
19073
19074
19075
19076
19078
19082
19083
19084
19085
19086
19087
19203
19204
19205
19206
19207
19208
19230
19234
19235
19236
19237
19238
19240
19243
19245
19246
19247
19248
19250
19253
19254
19256
19257
19258
19260
19263
19264
19265
19267
19268
19270
19273
19274
19275
19276
19278
19280
19283
19284
19285
19286
19287
19302
19304
19305
19306
19307
19308
19320
19324
19325
19326
19327
19328
19340
19342
19345
19346
19347
19348
19350
19352
19354
19356
19357
19358
19360
19362
19364
19365
19367
19368
19370
19372
19374
19375
19376
19378
19380
19382
19384
19385
19386
19387
19402
19403
19405
19406
19407
19408
19420
19423
19425
19426
19427
19428
19430
19432
19435
19436
19437
19438
19450
19452
19453
19456
19457
19458
19460
19462
19463
19465
19467
19468
19470
19472
19473
19475
19476
19478
19480
19482
19483
19485
19486
19487
19502
19503
19504
19506
19507
19508
19520
19523
19524
19526
19527
19528
19530
19532
19534
19536
19537
19538
19540
19542
19543
19546
19547
19548
19560
19562
19563
19564
19567
19568
19570
19572
19573
19574
19576
19578
19580
19582
19583
19584
19586
19587
19602
19603
19604
19605
19607
19608
19620
19623
19624
19625
19627
19628
19630
19632
19634
19635
19637
19638
19640
19642
19643
19645
19647
19648
19650
19652
19653
19654
19657
19658
19670
19672
19673
19674
19675
19678
19680
19682
19683
19684
19685
19687
19702
19703
19704
19705
19706
19708
19720
19723
19724
19725
19726
19728
19730
19732
19734
19735
19736
19738
19740
19742
19743
19745
19746
19748
19750
19752
19753
19754
19756
19758
19760
19762
19763
19764
19765
19768
19780
19782
19783
19784
19785
19786
19802
19803
19804
19805
19806
19807
19820
19823
19824
19825
19826
19827
19830
19832
19834
19835
19836
19837
19840
19842
19843
19845
19846
19847
19850
19852
19853
19854
19856
19857
19860
19862
19863
19864
19865
19867
19870
19872
19873
19874
19875
19876
20134
20135
20136
20137
20138
20139
20143
20145
20146
20147
20148
20149
20153
20154
20156
20157
20158
20159
20163
20164
20165
20167
20168
20169
20173
20174
20175
20176
20178
20179
20183
20184
20185
20186
20187
20189
20193
20194
20195
20196
20197
20198
20314
20315
20316
20317
20318
20319
20341
20345
20346
20347
20348
20349
20351
20354
20356
20357
20358
20359
20361
20364
20365
20367
20368
20369
20371
20374
20375
20376
20378
20379
20381
20384
20385
20386
20387
20389
20391
20394
20395
20396
20397
20398
20413
20415
20416
20417
20418
20419
20431
20435
20436
20437
20438
20439
20451
20453
20456
20457
20458
20459
20461
20463
20465
20467
20468
20469
20471
20473
20475
20476
20478
20479
20481
20483
20485
20486
20487
20489
20491
20493
20495
20496
20497
20498
20513
20514
20516
20517
20518
20519
20531
20534
20536
20537
20538
20539
20541
20543
20546
20547
20548
20549
20561
20563
20564
20567
20568
20569
20571
20573
20574
20576
20578
20579
20581
20583
20584
20586
20587
20589
20591
20593
20594
20596
20597
20598
20613
20614
20615
20617
20618
20619
20631
20634
20635
20637
20638
20639
20641
20643
20645
20647
20648
20649
20651
20653
20654
20657
20658
20659
20671
20673
20674
20675
20678
20679
20681
20683
20684
20685
20687
20689
20691
20693
20694
20695
20697
20698
20713
20714
20715
20716
20718
20719
20731
20734
20735
20736
20738
20739
20741
20743
20745
20746
20748
20749
20751
20753
20754
20756
20758
20759
20761
20763
20764
20765
20768
20769
20781
20783
20784
20785
20786
20789
20791
20793
20794
20795
20796
20798
20813
20814
20815
20816
20817
20819
20831
20834
20835
20836
20837
20839
20841
20843
20845
20846
20847
20849
20851
20853
20854
20856
20857
20859
20861
20863
20864
20865
20867
20869
20871
20873
20874
20875
20876
20879
20891
20893
20894
20895
20896
20897
20913
20914
20915
20916
20917
20918
20931
20934
20935
20936
20937
20938
20941
20943
20945
20946
20947
20948
20951
20953
20954
20956
20957
20958
20961
20963
20964
20965
20967
20968
20971
20973
20974
20975
20976
20978
20981
20983
20984
20985
20986
20987
21034
21035
21036
21037
21038
21039
21043
21045
21046
21047
21048
21049
21053
21054
21056
21057
21058
21059
21063
21064
21065
21067
21068
21069
21073
21074
21075
21076
21078
21079
21083
21084
21085
21086
21087
21089
21093
21094
21095
21096
21097
21098
21304
21305
21306
21307
21308
21309
21340
21345
21346
21347
21348
21349
21350
21354
21356
21357
21358
21359
21360
21364
21365
21367
21368
21369
21370
21374
21375
21376
21378
21379
21380
21384
21385
21386
21387
21389
21390
21394
21395
21396
21397
21398
21403
21405
21406
21407
21408
21409
21430
21435
21436
21437
21438
21439
21450
21453
21456
21457
21458
21459
21460
21463
21465
21467
21468
21469
21470
21473
21475
21476
21478
21479
21480
21483
21485
21486
21487
21489
21490
21493
21495
21496
21497
21498
21503
21504
21506
21507
21508
21509
21530
21534
21536
21537
21538
21539
21540
21543
21546
21547
21548
21549
21560
21563
21564
21567
21568
21569
21570
21573
21574
21576
21578
21579
21580
21583
21584
21586
21587
21589
21590
21593
21594
21596
21597
21598
21603
21604
21605
21607
21608
21609
21630
21634
21635
21637
21638
21639
21640
21643
21645
21647
21648
21649
21650
21653
21654
21657
21658
21659
21670
21673
21674
21675
21678
21679
21680
21683
21684
21685
21687
21689
21690
21693
21694
21695
21697
21698
21703
21704
21705
21706
21708
21709
21730
21734
21735
21736
21738
21739
21740
21743
21745
21746
21748
21749
21750
21753
21754
21756
21758
21759
21760
21763
21764
21765
21768
21769
21780
21783
21784
21785
21786
21789
21790
21793
21794
21795
21796
21798
21803
21804
21805
21806
21807
21809
21830
21834
21835
21836
21837
21839
21840
21843
21845
21846
21847
21849
21850
21853
21854
21856
21857
21859
21860
21863
21864
21865
21867
21869
21870
21873
21874
21875
21876
21879
21890
21893
21894
21895
21896
21897
21903
21904
21905
21906
21907
21908
21930
21934
21935
21936
21937
21938
21940
21943
21945
21946
21947
21948
21950
21953
21954
21956
21957
21958
21960
21963
21964
21965
21967
21968
21970
21973
21974
21975
21976
21978
21980
21983
21984
21985
21986
21987
23014
23015
23016
23017
23018
23019
23041
23045
23046
23047
23048
23049
23051
23054
23056
23057
23058
23059
23061
23064
23065
23067
23068
23069
23071
23074
23075
23076
23078
23079
23081
23084
23085
23086
23087
23089
23091
23094
23095
23096
23097
23098
23104
23105
23106
23107
23108
23109
23140
23145
23146
23147
23148
23149
23150
23154
23156
23157
23158
23159
23160
23164
23165
23167
23168
23169
23170
23174
23175
23176
23178
23179
23180
23184
23185
23186
23187
23189
23190
23194
23195
23196
23197
23198
23401
23405
23406
23407
23408
23409
23410
23415
23416
23417
23418
23419
23450
23451
23456
23457
23458
23459
23460
23461
23465
23467
23468
23469
23470
23471
23475
23476
23478
23479
23480
23481
23485
23486
23487
23489
23490
23491
23495
23496
23497
23498
23501
23504
23506
23507
23508
23509
23510
23514
23516
23517
23518
23519
23540
23541
23546
23547
23548
23549
23560
23561
23564
23567
23568
23569
23570
23571
23574
23576
23578
23579
23580
23581
23584
23586
23587
23589
23590
23591
23594
23596
23597
23598
23601
23604
23605
23607
23608
23609
23610
23614
23615
23617
23618
23619
23640
23641
23645
23647
23648
23649
23650
23651
23654
23657
23658
23659
23670
23671
23674
23675
23678
23679
23680
23681
23684
23685
23687
23689
23690
23691
23694
23695
23697
23698
23701
23704
23705
23706
23708
23709
23710
23714
23715
23716
23718
23719
23740
23741
23745
23746
23748
23749
23750
23751
23754
23756
23758
23759
23760
23761
23764
23765
23768
23769
23780
23781
23784
23785
23786
23789
23790
23791
23794
23795
23796
23798
23801
23804
23805
23806
23807
23809
23810
23814
23815
23816
23817
23819
23840
23841
23845
23846
23847
23849
23850
23851
23854
23856
23857
23859
23860
23861
23864
23865
23867
23869
23870
23871
23874
23875
23876
23879
23890
23891
23894
23895
23896
23897
23901
23904
23905
23906
23907
23908
23910
23914
23915
23916
23917
23918
23940
23941
23945
23946
23947
23948
23950
23951
23954
23956
23957
23958
23960
23961
23964
23965
23967
23968
23970
23971
23974
23975
23976
23978
23980
23981
23984
23985
23986
23987
24013
24015
24016
24017
24018
24019
24031
24035
24036
24037
24038
24039
24051
24053
24056
24057
24058
24059
24061
24063
24065
24067
24068
24069
24071
24073
24075
24076
24078
24079
24081
24083
24085
24086
24087
24089
24091
24093
24095
24096
24097
24098
24103
24105
24106
24107
24108
24109
24130
24135
24136
24137
24138
24139
24150
24153
24156
24157
24158
24159
24160
24163
24165
24167
24168
24169
24170
24173
24175
24176
24178
24179
24180
24183
24185
24186
24187
24189
24190
24193
24195
24196
24197
24198
24301
24305
24306
24307
24308
24309
24310
24315
24316
24317
24318
24319
24350
24351
24356
24357
24358
24359
24360
24361
24365
24367
24368
24369
24370
24371
24375
24376
24378
24379
24380
24381
24385
24386
24387
24389
24390
24391
24395
24396
24397
24398
24501
24503
24506
24507
24508
24509
24510
24513
24516
24517
24518
24519
24530
24531
24536
24537
24538
24539
24560
24561
24563
24567
24568
24569
24570
24571
24573
24576
24578
24579
24580
24581
24583
24586
24587
24589
24590
24591
24593
24596
24597
24598
24601
24603
24605
24607
24608
24609
24610
24613
24615
24617
24618
24619
24630
24631
24635
24637
24638
24639
24650
24651
24653
24657
24658
24659
24670
24671
24673
24675
24678
24679
24680
24681
24683
24685
24687
24689
24690
24691
24693
24695
24697
24698
24701
24703
24705
24706
24708
24709
24710
24713
24715
24716
24718
24719
24730
24731
24735
24736
24738
24739
24750
24751
24753
24756
24758
24759
24760
24761
24763
24765
24768
24769
24780
24781
24783
24785
24786
24789
24790
24791
24793
24795
24796
24798
24801
24803
24805
24806
24807
24809
24810
24813
24815
24816
24817
24819
24830
24831
24835
24836
24837
24839
24850
24851
24853
24856
24857
24859
24860
24861
24863
24865
24867
24869
24870
24871
24873
24875
24876
24879
24890
24891
24893
24895
24896
24897
24901
24903
24905
24906
24907
24908
24910
24913
24915
24916
24917
24918
24930
24931
24935
24936
24937
24938
24950
24951
24953
24956
24957
24958
24960
24961
24963
24965
24967
24968
24970
24971
24973
24975
24976
24978
24980
24981
24983
24985
24986
24987
25013
25014
25016
25017
25018
25019
25031
25034
25036
25037
25038
25039
25041
25043
25046
25047
25048
25049
25061
25063
25064
25067
25068
25069
25071
25073
25074
25076
25078
25079
25081
25083
25084
25086
25087
25089
25091
25093
25094
25096
25097
25098
25103
25104
25106
25107
25108
25109
25130
25134
25136
25137
25138
25139
25140
25143
25146
25147
25148
25149
25160
25163
25164
25167
25168
25169
25170
25173
25174
25176
25178
25179
25180
25183
25184
25186
25187
25189
25190
25193
25194
25196
25197
25198
25301
25304
25306
25307
25308
25309
25310
25314
25316
25317
25318
25319
25340
25341
25346
25347
25348
25349
25360
25361
25364
25367
25368
25369
25370
25371
25374
25376
25378
25379
25380
25381
25384
25386
25387
25389
25390
25391
25394
25396
25397
25398
25401
25403
25406
25407
25408
25409
25410
25413
25416
25417
25418
25419
25430
25431
25436
25437
25438
25439
25460
25461
25463
25467
25468
25469
25470
25471
25473
25476
25478
25479
25480
25481
25483
25486
25487
25489
25490
25491
25493
25496
25497
25498
25601
25603
25604
25607
25608
25609
25610
25613
25614
25617
25618
25619
25630
25631
25634
25637
25638
25639
25640
25641
25643
25647
25648
25649
25670
25671
25673
25674
25678
25679
25680
25681
25683
25684
25687
25689
25690
25691
25693
25694
25697
25698
25701
25703
25704
25706
25708
25709
25710
25713
25714
25716
25718
25719
25730
25731
25734
25736
25738
25739
25740
25741
25743
25746
25748
25749
25760
25761
25763
25764
25768
25769
25780
25781
25783
25784
25786
25789
25790
25791
25793
25794
25796
25798
25801
25803
25804
25806
25807
25809
25810
25813
25814
25816
25817
25819
25830
25831
25834
25836
25837
25839
25840
25841
25843
25846
25847
25849
25860
25861
25863
25864
25867
25869
25870
25871
25873
25874
25876
25879
25890
25891
25893
25894
25896
25897
25901
25903
25904
25906
25907
25908
25910
25913
25914
25916
25917
25918
25930
25931
25934
25936
25937
25938
25940
25941
25943
25946
25947
25948
25960
25961
25963
25964
25967
25968
25970
25971
25973
25974
25976
25978
25980
25981
25983
25984
25986
25987
26013
26014
26015
26017
26018
26019
26031
26034
26035
26037
26038
26039
26041
26043
26045
26047
26048
26049
26051
26053
26054
26057
